// USER CHART SHEET exported by JRC ECDIS.
// <<NOTE>>This strings // indicate comment column/cells. You can edit freely.
// Navarea IV - in force - 20260912_2309
// LINE_AGGREGATE
// Comment
// Lat,,,Lon,,,Type,Width,ColorNo,Comment
// Add "END" to the end of vertex.
LINE_AGGREGATE
NAV IV 0883/26 ICEBERG LIMIT ALONG TRACKLINE JOINING 49-30.00N 0
49,30.000,N,055,10.000,W,2,2,9,NAV IV 0883/26 ICEBERG LIMIT ALONG TRACKLINE JOINING 49-30.00N 0
54,45.000,N,051,45.000,W,2,2,9,NAV IV 0883/26 ICEBERG LIMIT ALONG TRACKLINE JOINING 49-30.00N 0
60,00.000,N,057,30.000,W,2,2,9,NAV IV 0883/26 ICEBERG LIMIT ALONG TRACKLINE JOINING 49-30.00N 0
END
// LINE_AGGREGATE
// Comment
// Lat,,,Lon,,,Type,Width,ColorNo,Comment
// Add "END" to the end of vertex.
LINE_AGGREGATE
NAV IV 0883/26 ESTIMATED ICEBERG LIMIT ALONG TRACKLINE JOINING 6
60,00.000,N,057,30.000,W,2,2,9,NAV IV 0883/26 ESTIMATED ICEBERG LIMIT ALONG TRACKLINE JOINING 6
61,30.000,N,054,20.000,W,2,2,9,NAV IV 0883/26 ESTIMATED ICEBERG LIMIT ALONG TRACKLINE JOINING 6
58,50.000,N,046,10.000,W,2,2,9,NAV IV 0883/26 ESTIMATED ICEBERG LIMIT ALONG TRACKLINE JOINING 6
58,55.000,N,042,25.000,W,2,2,9,NAV IV 0883/26 ESTIMATED ICEBERG LIMIT ALONG TRACKLINE JOINING 6
62,40.000,N,038,40.000,W,2,2,9,NAV IV 0883/26 ESTIMATED ICEBERG LIMIT ALONG TRACKLINE JOINING 6
63,40.000,N,027,25.000,W,2,2,9,NAV IV 0883/26 ESTIMATED ICEBERG LIMIT ALONG TRACKLINE JOINING 6
END
// LINE_AGGREGATE
// Comment
// Lat,,,Lon,,,Type,Width,ColorNo,Comment
// Add "END" to the end of vertex.
LINE_AGGREGATE
NAV IV 0883/26 WESTERN ICEBERG LIMIT ALONG TRACKLINE JOINING 51-
51,52.000,N,056,05.000,W,2,2,9,NAV IV 0883/26 WESTERN ICEBERG LIMIT ALONG TRACKLINE JOINING 51-
51,36.000,N,055,54.000,W,2,2,9,NAV IV 0883/26 WESTERN ICEBERG LIMIT ALONG TRACKLINE JOINING 51-
END
// POLYGON
// Comment
// Lat,,,Lon,Add "END" to the end of vertex.
POLYGON
NAV IV 0882/26 NAVAL OPERATIONS 170400Z TO 190100Z SEP IN AREA B
10,23.280,N,075,33.820,W
10,22.350,N,075,33.820,W
10,22.350,N,075,32.680,W
10,23.280,N,075,32.680,W
10,23.280,N,075,33.820,W
END
// LINE_AGGREGATE
// Comment
// Lat,,,Lon,,,Type,Width,ColorNo,Comment
// Add "END" to the end of vertex.
LINE_AGGREGATE
NAV IV 0881/26 ICEBERG LIMIT ALONG TRACKLINE JOINING 49-30.00N 0
49,30.000,N,055,10.000,W,2,2,9,NAV IV 0881/26 ICEBERG LIMIT ALONG TRACKLINE JOINING 49-30.00N 0
55,00.000,N,051,45.000,W,2,2,9,NAV IV 0881/26 ICEBERG LIMIT ALONG TRACKLINE JOINING 49-30.00N 0
60,00.000,N,057,30.000,W,2,2,9,NAV IV 0881/26 ICEBERG LIMIT ALONG TRACKLINE JOINING 49-30.00N 0
END
// LINE_AGGREGATE
// Comment
// Lat,,,Lon,,,Type,Width,ColorNo,Comment
// Add "END" to the end of vertex.
LINE_AGGREGATE
NAV IV 0881/26 ESTIMATED ICEBERG LIMIT ALONG TRACKLINE JOINING 6
60,00.000,N,057,30.000,W,2,2,9,NAV IV 0881/26 ESTIMATED ICEBERG LIMIT ALONG TRACKLINE JOINING 6
61,30.000,N,054,20.000,W,2,2,9,NAV IV 0881/26 ESTIMATED ICEBERG LIMIT ALONG TRACKLINE JOINING 6
58,50.000,N,046,10.000,W,2,2,9,NAV IV 0881/26 ESTIMATED ICEBERG LIMIT ALONG TRACKLINE JOINING 6
58,55.000,N,042,25.000,W,2,2,9,NAV IV 0881/26 ESTIMATED ICEBERG LIMIT ALONG TRACKLINE JOINING 6
62,40.000,N,038,40.000,W,2,2,9,NAV IV 0881/26 ESTIMATED ICEBERG LIMIT ALONG TRACKLINE JOINING 6
63,40.000,N,027,25.000,W,2,2,9,NAV IV 0881/26 ESTIMATED ICEBERG LIMIT ALONG TRACKLINE JOINING 6
END
// LINE_AGGREGATE
// Comment
// Lat,,,Lon,,,Type,Width,ColorNo,Comment
// Add "END" to the end of vertex.
LINE_AGGREGATE
NAV IV 0881/26 WESTERN ICEBERG LIMIT ALONG TRACKLINE JOINING 51-
51,52.000,N,056,05.000,W,2,2,9,NAV IV 0881/26 WESTERN ICEBERG LIMIT ALONG TRACKLINE JOINING 51-
51,36.000,N,055,54.000,W,2,2,9,NAV IV 0881/26 WESTERN ICEBERG LIMIT ALONG TRACKLINE JOINING 51-
END
// CAUTION_SYMBOL,InstName
// Comment
// Lat,,,Lon
CAUTION_SYMBOL,~WARNSY0,***,***
NAV IV 0880/26 HAZARDOUS OPERATIONS 141730Z TO 141930Z SEP IN AR
06,00.000,N,052,30.000,W
// CAUTION_SYMBOL,InstName
// Comment
// Lat,,,Lon
CAUTION_SYMBOL,~WARNSY0,***,***
NAV IV 0878/26 CARIBBEAN SEA. VENEZUELA. CABO NEGRO LIGHT IN 11-
11,10.460,N,063,53.050,W
// LINE_AGGREGATE
// Comment
// Lat,,,Lon,,,Type,Width,ColorNo,Comment
// Add "END" to the end of vertex.
LINE_AGGREGATE
NAV IV 0877/26 PIPELINE OPERATIONS IN PROGRESS UNTIL 222200Z OCT
10,06.830,N,060,49.740,W,2,2,9,NAV IV 0877/26 PIPELINE OPERATIONS IN PROGRESS UNTIL 222200Z OCT
10,10.620,N,060,39.870,W,2,2,9,NAV IV 0877/26 PIPELINE OPERATIONS IN PROGRESS UNTIL 222200Z OCT
10,10.660,N,060,39.860,W,2,2,9,NAV IV 0877/26 PIPELINE OPERATIONS IN PROGRESS UNTIL 222200Z OCT
10,20.720,N,060,40.740,W,2,2,9,NAV IV 0877/26 PIPELINE OPERATIONS IN PROGRESS UNTIL 222200Z OCT
10,19.970,N,060,41.000,W,2,2,9,NAV IV 0877/26 PIPELINE OPERATIONS IN PROGRESS UNTIL 222200Z OCT
10,20.000,N,060,41.530,W,2,2,9,NAV IV 0877/26 PIPELINE OPERATIONS IN PROGRESS UNTIL 222200Z OCT
END
// POLYGON
// Comment
// Lat,,,Lon,Add "END" to the end of vertex.
POLYGON
NAV IV 0875/26 NAVAL OPERATIONS 141300Z TO 141900Z SEP IN AREA B
10,23.280,N,075,33.820,W
10,22.350,N,075,33.820,W
10,22.350,N,075,33.680,W
10,23.280,N,075,32.680,W
10,23.280,N,075,33.820,W
END
// DANGER_SYMBOL,InstName
// Comment
// Lat,,,Lon
DANGER_SYMBOL,~WARNSY0,***,***
NAV IV 0872/26 - RIG: AGOSTO 12
19,23.000,N,092,03.100,W
// CIRCLE
// Comment
// Base Point-Lat,,,Base Point-Lon,,,Radius[nm]
CIRCLE
NAV IV 0872/26 - RIG: AGOSTO 12 - 500m safety zone
19,23.000,N,092,03.100,W,0.27
// DANGER_SYMBOL,InstName
// Comment
// Lat,,,Lon
DANGER_SYMBOL,~WARNSY0,***,***
NAV IV 0872/26 - RIG: ARGOS PLATFORM
27,10.400,N,090,22.000,W
// CIRCLE
// Comment
// Base Point-Lat,,,Base Point-Lon,,,Radius[nm]
CIRCLE
NAV IV 0872/26 - RIG: ARGOS PLATFORM - 500m safety zone
27,10.400,N,090,22.000,W,0.27
// DANGER_SYMBOL,InstName
// Comment
// Lat,,,Lon
DANGER_SYMBOL,~WARNSY0,***,***
NAV IV 0872/26 - RIG: ATLANTIS
19,23.900,N,092,02.300,W
// CIRCLE
// Comment
// Base Point-Lat,,,Base Point-Lon,,,Radius[nm]
CIRCLE
NAV IV 0872/26 - RIG: ATLANTIS - 500m safety zone
19,23.900,N,092,02.300,W,0.27
// DANGER_SYMBOL,InstName
// Comment
// Lat,,,Lon
DANGER_SYMBOL,~WARNSY0,***,***
NAV IV 0872/26 - RIG: AUGER TLP
27,32.700,N,092,26.600,W
// CIRCLE
// Comment
// Base Point-Lat,,,Base Point-Lon,,,Radius[nm]
CIRCLE
NAV IV 0872/26 - RIG: AUGER TLP - 500m safety zone
27,32.700,N,092,26.600,W,0.27
// DANGER_SYMBOL,InstName
// Comment
// Lat,,,Lon
DANGER_SYMBOL,~WARNSY0,***,***
NAV IV 0872/26 - RIG: BLUE EAGLE
18,28.600,N,094,01.900,W
// CIRCLE
// Comment
// Base Point-Lat,,,Base Point-Lon,,,Radius[nm]
CIRCLE
NAV IV 0872/26 - RIG: BLUE EAGLE - 500m safety zone
18,28.600,N,094,01.900,W,0.27
// DANGER_SYMBOL,InstName
// Comment
// Lat,,,Lon
DANGER_SYMBOL,~WARNSY0,***,***
NAV IV 0872/26 - RIG: BP ATLANTIS PLATFORM
27,11.700,N,090,01.600,W
// CIRCLE
// Comment
// Base Point-Lat,,,Base Point-Lon,,,Radius[nm]
CIRCLE
NAV IV 0872/26 - RIG: BP ATLANTIS PLATFORM - 500m safety zone
27,11.700,N,090,01.600,W,0.27
// DANGER_SYMBOL,InstName
// Comment
// Lat,,,Lon
DANGER_SYMBOL,~WARNSY0,***,***
NAV IV 0872/26 - RIG: CENTENARIO GR
21,07.700,N,097,08.100,W
// CIRCLE
// Comment
// Base Point-Lat,,,Base Point-Lon,,,Radius[nm]
CIRCLE
NAV IV 0872/26 - RIG: CENTENARIO GR - 500m safety zone
21,07.700,N,097,08.100,W,0.27
// DANGER_SYMBOL,InstName
// Comment
// Lat,,,Lon
DANGER_SYMBOL,~WARNSY0,***,***
NAV IV 0872/26 - RIG: CHIHUAHUA
19,39.700,N,090,44.400,W
// CIRCLE
// Comment
// Base Point-Lat,,,Base Point-Lon,,,Radius[nm]
CIRCLE
NAV IV 0872/26 - RIG: CHIHUAHUA - 500m safety zone
19,39.700,N,090,44.400,W,0.27
// DANGER_SYMBOL,InstName
// Comment
// Lat,,,Lon
DANGER_SYMBOL,~WARNSY0,***,***
NAV IV 0872/26 - RIG: CME I
19,34.600,N,092,02.700,W
// CIRCLE
// Comment
// Base Point-Lat,,,Base Point-Lon,,,Radius[nm]
CIRCLE
NAV IV 0872/26 - RIG: CME I - 500m safety zone
19,34.600,N,092,02.700,W,0.27
// DANGER_SYMBOL,InstName
// Comment
// Lat,,,Lon
DANGER_SYMBOL,~WARNSY0,***,***
NAV IV 0872/26 - RIG: CME II
18,34.400,N,092,46.200,W
// CIRCLE
// Comment
// Base Point-Lat,,,Base Point-Lon,,,Radius[nm]
CIRCLE
NAV IV 0872/26 - RIG: CME II - 500m safety zone
18,34.400,N,092,46.200,W,0.27
// DANGER_SYMBOL,InstName
// Comment
// Lat,,,Lon
DANGER_SYMBOL,~WARNSY0,***,***
NAV IV 0872/26 - RIG: CPOC MAGNOLIA
27,12.200,N,092,12.200,W
// CIRCLE
// Comment
// Base Point-Lat,,,Base Point-Lon,,,Radius[nm]
CIRCLE
NAV IV 0872/26 - RIG: CPOC MAGNOLIA - 500m safety zone
27,12.200,N,092,12.200,W,0.27
// DANGER_SYMBOL,InstName
// Comment
// Lat,,,Lon
DANGER_SYMBOL,~WARNSY0,***,***
NAV IV 0872/26 - RIG: DEEPWATER ASGARD
27,21.500,N,090,44.600,W
// CIRCLE
// Comment
// Base Point-Lat,,,Base Point-Lon,,,Radius[nm]
CIRCLE
NAV IV 0872/26 - RIG: DEEPWATER ASGARD - 500m safety zone
27,21.500,N,090,44.600,W,0.27
// DANGER_SYMBOL,InstName
// Comment
// Lat,,,Lon
DANGER_SYMBOL,~WARNSY0,***,***
NAV IV 0872/26 - RIG: DEEPWATER CONQUEROR
26,17.800,N,091,05.600,W
// CIRCLE
// Comment
// Base Point-Lat,,,Base Point-Lon,,,Radius[nm]
CIRCLE
NAV IV 0872/26 - RIG: DEEPWATER CONQUEROR - 500m safety zone
26,17.800,N,091,05.600,W,0.27
// DANGER_SYMBOL,InstName
// Comment
// Lat,,,Lon
DANGER_SYMBOL,~WARNSY0,***,***
NAV IV 0872/26 - RIG: DEEPWATER INVICTUS
26,42.400,N,092,38.500,W
// CIRCLE
// Comment
// Base Point-Lat,,,Base Point-Lon,,,Radius[nm]
CIRCLE
NAV IV 0872/26 - RIG: DEEPWATER INVICTUS - 500m safety zone
26,42.400,N,092,38.500,W,0.27
// DANGER_SYMBOL,InstName
// Comment
// Lat,,,Lon
DANGER_SYMBOL,~WARNSY0,***,***
NAV IV 0872/26 - RIG: DEEPWATER PONTUS
28,30.900,N,088,08.700,W
// CIRCLE
// Comment
// Base Point-Lat,,,Base Point-Lon,,,Radius[nm]
CIRCLE
NAV IV 0872/26 - RIG: DEEPWATER PONTUS - 500m safety zone
28,30.900,N,088,08.700,W,0.27
// DANGER_SYMBOL,InstName
// Comment
// Lat,,,Lon
DANGER_SYMBOL,~WARNSY0,***,***
NAV IV 0872/26 - RIG: DEEPWATER THALASSA
25,45.000,N,095,24.300,W
// CIRCLE
// Comment
// Base Point-Lat,,,Base Point-Lon,,,Radius[nm]
CIRCLE
NAV IV 0872/26 - RIG: DEEPWATER THALASSA - 500m safety zone
25,45.000,N,095,24.300,W,0.27
// DANGER_SYMBOL,InstName
// Comment
// Lat,,,Lon
DANGER_SYMBOL,~WARNSY0,***,***
NAV IV 0872/26 - RIG: DEEPWATER TITAN
27,09.100,N,091,12.700,W
// CIRCLE
// Comment
// Base Point-Lat,,,Base Point-Lon,,,Radius[nm]
CIRCLE
NAV IV 0872/26 - RIG: DEEPWATER TITAN - 500m safety zone
27,09.100,N,091,12.700,W,0.27
// DANGER_SYMBOL,InstName
// Comment
// Lat,,,Lon
DANGER_SYMBOL,~WARNSY0,***,***
NAV IV 0872/26 - RIG: DEFENDER
18,28.600,N,094,01.900,W
// CIRCLE
// Comment
// Base Point-Lat,,,Base Point-Lon,,,Radius[nm]
CIRCLE
NAV IV 0872/26 - RIG: DEFENDER - 500m safety zone
18,28.600,N,094,01.900,W,0.27
// DANGER_SYMBOL,InstName
// Comment
// Lat,,,Lon
DANGER_SYMBOL,~WARNSY0,***,***
NAV IV 0872/26 - RIG: DEVELOPMENT DRILLER III
10,38.500,N,061,39.000,W
// CIRCLE
// Comment
// Base Point-Lat,,,Base Point-Lon,,,Radius[nm]
CIRCLE
NAV IV 0872/26 - RIG: DEVELOPMENT DRILLER III - 500m safety zone
10,38.500,N,061,39.000,W,0.27
// DANGER_SYMBOL,InstName
// Comment
// Lat,,,Lon
DANGER_SYMBOL,~WARNSY0,***,***
NAV IV 0872/26 - RIG: ERREA WITTU
08,00.300,N,056,50.400,W
// CIRCLE
// Comment
// Base Point-Lat,,,Base Point-Lon,,,Radius[nm]
CIRCLE
NAV IV 0872/26 - RIG: ERREA WITTU - 500m safety zone
08,00.300,N,056,50.400,W,0.27
// DANGER_SYMBOL,InstName
// Comment
// Lat,,,Lon
DANGER_SYMBOL,~WARNSY0,***,***
NAV IV 0872/26 - RIG: ESSAR WILDCAT
18,51.500,N,091,45.700,W
// CIRCLE
// Comment
// Base Point-Lat,,,Base Point-Lon,,,Radius[nm]
CIRCLE
NAV IV 0872/26 - RIG: ESSAR WILDCAT - 500m safety zone
18,51.500,N,091,45.700,W,0.27
// DANGER_SYMBOL,InstName
// Comment
// Lat,,,Lon
DANGER_SYMBOL,~WARNSY0,***,***
NAV IV 0872/26 - RIG: FRIDA I
19,36.100,N,092,31.600,W
// CIRCLE
// Comment
// Base Point-Lat,,,Base Point-Lon,,,Radius[nm]
CIRCLE
NAV IV 0872/26 - RIG: FRIDA I - 500m safety zone
19,36.100,N,092,31.600,W,0.27
// DANGER_SYMBOL,InstName
// Comment
// Lat,,,Lon
DANGER_SYMBOL,~WARNSY0,***,***
NAV IV 0872/26 - RIG: GALAR
22,16.100,N,097,28.300,W
// CIRCLE
// Comment
// Base Point-Lat,,,Base Point-Lon,,,Radius[nm]
CIRCLE
NAV IV 0872/26 - RIG: GALAR - 500m safety zone
22,16.100,N,097,28.300,W,0.27
// DANGER_SYMBOL,InstName
// Comment
// Lat,,,Lon
DANGER_SYMBOL,~WARNSY0,***,***
NAV IV 0872/26 - RIG: GERSEMI
19,02.500,N,092,14.800,W
// CIRCLE
// Comment
// Base Point-Lat,,,Base Point-Lon,,,Radius[nm]
CIRCLE
NAV IV 0872/26 - RIG: GERSEMI - 500m safety zone
19,02.500,N,092,14.800,W,0.27
// DANGER_SYMBOL,InstName
// Comment
// Lat,,,Lon
DANGER_SYMBOL,~WARNSY0,***,***
NAV IV 0872/26 - RIG: GULF DRILLER VI
19,23.100,N,092,20.800,W
// CIRCLE
// Comment
// Base Point-Lat,,,Base Point-Lon,,,Radius[nm]
CIRCLE
NAV IV 0872/26 - RIG: GULF DRILLER VI - 500m safety zone
19,23.100,N,092,20.800,W,0.27
// DANGER_SYMBOL,InstName
// Comment
// Lat,,,Lon
DANGER_SYMBOL,~WARNSY0,***,***
NAV IV 0872/26 - RIG: GULF DRILLER VIII
18,29.900,N,094,00.400,W
// CIRCLE
// Comment
// Base Point-Lat,,,Base Point-Lon,,,Radius[nm]
CIRCLE
NAV IV 0872/26 - RIG: GULF DRILLER VIII - 500m safety zone
18,29.900,N,094,00.400,W,0.27
// DANGER_SYMBOL,InstName
// Comment
// Lat,,,Lon
DANGER_SYMBOL,~WARNSY0,***,***
NAV IV 0872/26 - RIG: H&P RIG 205
26,06.800,N,094,53.200,W
// CIRCLE
// Comment
// Base Point-Lat,,,Base Point-Lon,,,Radius[nm]
CIRCLE
NAV IV 0872/26 - RIG: H&P RIG 205 - 500m safety zone
26,06.800,N,094,53.200,W,0.27
// DANGER_SYMBOL,InstName
// Comment
// Lat,,,Lon
DANGER_SYMBOL,~WARNSY0,***,***
NAV IV 0872/26 - RIG: HILD
19,02.600,N,092,26.600,W
// CIRCLE
// Comment
// Base Point-Lat,,,Base Point-Lon,,,Radius[nm]
CIRCLE
NAV IV 0872/26 - RIG: HILD - 500m safety zone
19,02.600,N,092,26.600,W,0.27
// DANGER_SYMBOL,InstName
// Comment
// Lat,,,Lon
DANGER_SYMBOL,~WARNSY0,***,***
NAV IV 0872/26 - RIG: INDEPENDENCIA 1
19,17.900,N,091,51.200,W
// CIRCLE
// Comment
// Base Point-Lat,,,Base Point-Lon,,,Radius[nm]
CIRCLE
NAV IV 0872/26 - RIG: INDEPENDENCIA 1 - 500m safety zone
19,17.900,N,091,51.200,W,0.27
// DANGER_SYMBOL,InstName
// Comment
// Lat,,,Lon
DANGER_SYMBOL,~WARNSY0,***,***
NAV IV 0872/26 - RIG: IOLAIR
19,30.800,N,092,09.100,W
// CIRCLE
// Comment
// Base Point-Lat,,,Base Point-Lon,,,Radius[nm]
CIRCLE
NAV IV 0872/26 - RIG: IOLAIR - 500m safety zone
19,30.800,N,092,09.100,W,0.27
// DANGER_SYMBOL,InstName
// Comment
// Lat,,,Lon
DANGER_SYMBOL,~WARNSY0,***,***
NAV IV 0872/26 - RIG: JACK ST MALO
26,14.100,N,091,15.700,W
// CIRCLE
// Comment
// Base Point-Lat,,,Base Point-Lon,,,Radius[nm]
CIRCLE
NAV IV 0872/26 - RIG: JACK ST MALO - 500m safety zone
26,14.100,N,091,15.700,W,0.27
// DANGER_SYMBOL,InstName
// Comment
// Lat,,,Lon
DANGER_SYMBOL,~WARNSY0,***,***
NAV IV 0872/26 - RIG: KUKULKAN
18,16.400,N,094,03.600,W
// CIRCLE
// Comment
// Base Point-Lat,,,Base Point-Lon,,,Radius[nm]
CIRCLE
NAV IV 0872/26 - RIG: KUKULKAN - 500m safety zone
18,16.400,N,094,03.600,W,0.27
// DANGER_SYMBOL,InstName
// Comment
// Lat,,,Lon
DANGER_SYMBOL,~WARNSY0,***,***
NAV IV 0872/26 - RIG: LA COVADONGA
19,18.100,N,092,10.000,W
// CIRCLE
// Comment
// Base Point-Lat,,,Base Point-Lon,,,Radius[nm]
CIRCLE
NAV IV 0872/26 - RIG: LA COVADONGA - 500m safety zone
19,18.100,N,092,10.000,W,0.27
// DANGER_SYMBOL,InstName
// Comment
// Lat,,,Lon
DANGER_SYMBOL,~WARNSY0,***,***
NAV IV 0872/26 - RIG: LA SANTA MARIA
18,36.800,N,093,17.700,W
// CIRCLE
// Comment
// Base Point-Lat,,,Base Point-Lon,,,Radius[nm]
CIRCLE
NAV IV 0872/26 - RIG: LA SANTA MARIA - 500m safety zone
18,36.800,N,093,17.700,W,0.27
// DANGER_SYMBOL,InstName
// Comment
// Lat,,,Lon
DANGER_SYMBOL,~WARNSY0,***,***
NAV IV 0872/26 - RIG: LIZA DESTINY
08,00.700,N,056,59.500,W
// CIRCLE
// Comment
// Base Point-Lat,,,Base Point-Lon,,,Radius[nm]
CIRCLE
NAV IV 0872/26 - RIG: LIZA DESTINY - 500m safety zone
08,00.700,N,056,59.500,W,0.27
// DANGER_SYMBOL,InstName
// Comment
// Lat,,,Lon
DANGER_SYMBOL,~WARNSY0,***,***
NAV IV 0872/26 - RIG: LIZA UNITY
08,00.600,N,056,54.900,W
// CIRCLE
// Comment
// Base Point-Lat,,,Base Point-Lon,,,Radius[nm]
CIRCLE
NAV IV 0872/26 - RIG: LIZA UNITY - 500m safety zone
08,00.600,N,056,54.900,W,0.27
// DANGER_SYMBOL,InstName
// Comment
// Lat,,,Lon
DANGER_SYMBOL,~WARNSY0,***,***
NAV IV 0872/26 - RIG: MAD DOG
27,11.300,N,090,16.100,W
// CIRCLE
// Comment
// Base Point-Lat,,,Base Point-Lon,,,Radius[nm]
CIRCLE
NAV IV 0872/26 - RIG: MAD DOG - 500m safety zone
27,11.300,N,090,16.100,W,0.27
// DANGER_SYMBOL,InstName
// Comment
// Lat,,,Lon
DANGER_SYMBOL,~WARNSY0,***,***
NAV IV 0872/26 - RIG: MAERSK DISCOVERER
11,38.900,N,073,42.000,W
// CIRCLE
// Comment
// Base Point-Lat,,,Base Point-Lon,,,Radius[nm]
CIRCLE
NAV IV 0872/26 - RIG: MAERSK DISCOVERER - 500m safety zone
11,38.900,N,073,42.000,W,0.27
// DANGER_SYMBOL,InstName
// Comment
// Lat,,,Lon
DANGER_SYMBOL,~WARNSY0,***,***
NAV IV 0872/26 - RIG: MARLIN TLP
29,06.500,N,087,56.700,W
// CIRCLE
// Comment
// Base Point-Lat,,,Base Point-Lon,,,Radius[nm]
CIRCLE
NAV IV 0872/26 - RIG: MARLIN TLP - 500m safety zone
29,06.500,N,087,56.700,W,0.27
// DANGER_SYMBOL,InstName
// Comment
// Lat,,,Lon
DANGER_SYMBOL,~WARNSY0,***,***
NAV IV 0872/26 - RIG: MARS TLP
28,10.400,N,089,13.400,W
// CIRCLE
// Comment
// Base Point-Lat,,,Base Point-Lon,,,Radius[nm]
CIRCLE
NAV IV 0872/26 - RIG: MARS TLP - 500m safety zone
28,10.400,N,089,13.400,W,0.27
// DANGER_SYMBOL,InstName
// Comment
// Lat,,,Lon
DANGER_SYMBOL,~WARNSY0,***,***
NAV IV 0872/26 - RIG: MIAMTE MV34
18,24.300,N,093,46.200,W
// CIRCLE
// Comment
// Base Point-Lat,,,Base Point-Lon,,,Radius[nm]
CIRCLE
NAV IV 0872/26 - RIG: MIAMTE MV34 - 500m safety zone
18,24.300,N,093,46.200,W,0.27
// DANGER_SYMBOL,InstName
// Comment
// Lat,,,Lon
DANGER_SYMBOL,~WARNSY0,***,***
NAV IV 0872/26 - RIG: NABARIMA
10,14.800,N,062,09.000,W
// CIRCLE
// Comment
// Base Point-Lat,,,Base Point-Lon,,,Radius[nm]
CIRCLE
NAV IV 0872/26 - RIG: NABARIMA - 500m safety zone
10,14.800,N,062,09.000,W,0.27
// DANGER_SYMBOL,InstName
// Comment
// Lat,,,Lon
DANGER_SYMBOL,~WARNSY0,***,***
NAV IV 0872/26 - RIG: NFE PIONEER III
22,39.200,N,097,40.800,W
// CIRCLE
// Comment
// Base Point-Lat,,,Base Point-Lon,,,Radius[nm]
CIRCLE
NAV IV 0872/26 - RIG: NFE PIONEER III - 500m safety zone
22,39.200,N,097,40.800,W,0.27
// DANGER_SYMBOL,InstName
// Comment
// Lat,,,Lon
DANGER_SYMBOL,~WARNSY0,***,***
NAV IV 0872/26 - RIG: NJORD
18,30.400,N,093,15.700,W
// CIRCLE
// Comment
// Base Point-Lat,,,Base Point-Lon,,,Radius[nm]
CIRCLE
NAV IV 0872/26 - RIG: NJORD - 500m safety zone
18,30.400,N,093,15.700,W,0.27
// DANGER_SYMBOL,InstName
// Comment
// Lat,,,Lon
DANGER_SYMBOL,~WARNSY0,***,***
NAV IV 0872/26 - RIG: NOBLE BLACKHORNET
27,13.500,N,090,01.900,W
// CIRCLE
// Comment
// Base Point-Lat,,,Base Point-Lon,,,Radius[nm]
CIRCLE
NAV IV 0872/26 - RIG: NOBLE BLACKHORNET - 500m safety zone
27,13.500,N,090,01.900,W,0.27
// DANGER_SYMBOL,InstName
// Comment
// Lat,,,Lon
DANGER_SYMBOL,~WARNSY0,***,***
NAV IV 0872/26 - RIG: NOBLE BLACKLION
27,08.800,N,090,19.100,W
// CIRCLE
// Comment
// Base Point-Lat,,,Base Point-Lon,,,Radius[nm]
CIRCLE
NAV IV 0872/26 - RIG: NOBLE BLACKLION - 500m safety zone
27,08.800,N,090,19.100,W,0.27
// DANGER_SYMBOL,InstName
// Comment
// Lat,,,Lon
DANGER_SYMBOL,~WARNSY0,***,***
NAV IV 0872/26 - RIG: NOBLE BLACKRHINO
28,53.600,N,090,07.100,W
// CIRCLE
// Comment
// Base Point-Lat,,,Base Point-Lon,,,Radius[nm]
CIRCLE
NAV IV 0872/26 - RIG: NOBLE BLACKRHINO - 500m safety zone
28,53.600,N,090,07.100,W,0.27
// DANGER_SYMBOL,InstName
// Comment
// Lat,,,Lon
DANGER_SYMBOL,~WARNSY0,***,***
NAV IV 0872/26 - RIG: NOBLE BOB DOUGLAS
08,00.100,N,056,42.700,W
// CIRCLE
// Comment
// Base Point-Lat,,,Base Point-Lon,,,Radius[nm]
CIRCLE
NAV IV 0872/26 - RIG: NOBLE BOB DOUGLAS - 500m safety zone
08,00.100,N,056,42.700,W,0.27
// DANGER_SYMBOL,InstName
// Comment
// Lat,,,Lon
DANGER_SYMBOL,~WARNSY0,***,***
NAV IV 0872/26 - RIG: NOBLE VOYAGER
28,52.700,N,090,08.900,W
// CIRCLE
// Comment
// Base Point-Lat,,,Base Point-Lon,,,Radius[nm]
CIRCLE
NAV IV 0872/26 - RIG: NOBLE VOYAGER - 500m safety zone
28,52.700,N,090,08.900,W,0.27
// DANGER_SYMBOL,InstName
// Comment
// Lat,,,Lon
DANGER_SYMBOL,~WARNSY0,***,***
NAV IV 0872/26 - RIG: OLYMPUS N88
28,09.600,N,089,12.800,W
// CIRCLE
// Comment
// Base Point-Lat,,,Base Point-Lon,,,Radius[nm]
CIRCLE
NAV IV 0872/26 - RIG: OLYMPUS N88 - 500m safety zone
28,09.600,N,089,12.800,W,0.27
// DANGER_SYMBOL,InstName
// Comment
// Lat,,,Lon
DANGER_SYMBOL,~WARNSY0,***,***
NAV IV 0872/26 - RIG: ONE GUYANA
07,57.400,N,056,43.000,W
// CIRCLE
// Comment
// Base Point-Lat,,,Base Point-Lon,,,Radius[nm]
CIRCLE
NAV IV 0872/26 - RIG: ONE GUYANA - 500m safety zone
07,57.400,N,056,43.000,W,0.27
// DANGER_SYMBOL,InstName
// Comment
// Lat,,,Lon
DANGER_SYMBOL,~WARNSY0,***,***
NAV IV 0872/26 - RIG: PAPALOAPAN
19,25.100,N,092,03.100,W
// CIRCLE
// Comment
// Base Point-Lat,,,Base Point-Lon,,,Radius[nm]
CIRCLE
NAV IV 0872/26 - RIG: PAPALOAPAN - 500m safety zone
19,25.100,N,092,03.100,W,0.27
// DANGER_SYMBOL,InstName
// Comment
// Lat,,,Lon
DANGER_SYMBOL,~WARNSY0,***,***
NAV IV 0872/26 - RIG: PERRO NEGRO 10
18,20.200,N,093,52.200,W
// CIRCLE
// Comment
// Base Point-Lat,,,Base Point-Lon,,,Radius[nm]
CIRCLE
NAV IV 0872/26 - RIG: PERRO NEGRO 10 - 500m safety zone
18,20.200,N,093,52.200,W,0.27
// DANGER_SYMBOL,InstName
// Comment
// Lat,,,Lon
DANGER_SYMBOL,~WARNSY0,***,***
NAV IV 0872/26 - RIG: PIONEER
26,41.700,N,090,30.600,W
// CIRCLE
// Comment
// Base Point-Lat,,,Base Point-Lon,,,Radius[nm]
CIRCLE
NAV IV 0872/26 - RIG: PIONEER - 500m safety zone
26,41.700,N,090,30.600,W,0.27
// DANGER_SYMBOL,InstName
// Comment
// Lat,,,Lon
DANGER_SYMBOL,~WARNSY0,***,***
NAV IV 0872/26 - RIG: PROSPERITY
08,11.700,N,057,00.200,W
// CIRCLE
// Comment
// Base Point-Lat,,,Base Point-Lon,,,Radius[nm]
CIRCLE
NAV IV 0872/26 - RIG: PROSPERITY - 500m safety zone
08,11.700,N,057,00.200,W,0.27
// DANGER_SYMBOL,InstName
// Comment
// Lat,,,Lon
DANGER_SYMBOL,~WARNSY0,***,***
NAV IV 0872/26 - RIG: SANDUNGA
19,31.000,N,091,59.000,W
// CIRCLE
// Comment
// Base Point-Lat,,,Base Point-Lon,,,Radius[nm]
CIRCLE
NAV IV 0872/26 - RIG: SANDUNGA - 500m safety zone
19,31.000,N,091,59.000,W,0.27
// DANGER_SYMBOL,InstName
// Comment
// Lat,,,Lon
DANGER_SYMBOL,~WARNSY0,***,***
NAV IV 0872/26 - RIG: SEAROSE FPSO
46,47.200,N,048,00.800,W
// CIRCLE
// Comment
// Base Point-Lat,,,Base Point-Lon,,,Radius[nm]
CIRCLE
NAV IV 0872/26 - RIG: SEAROSE FPSO - 500m safety zone
46,47.200,N,048,00.800,W,0.27
// DANGER_SYMBOL,InstName
// Comment
// Lat,,,Lon
DANGER_SYMBOL,~WARNSY0,***,***
NAV IV 0872/26 - RIG: SEVAN LOUISIANA
28,50.800,N,090,05.300,W
// CIRCLE
// Comment
// Base Point-Lat,,,Base Point-Lon,,,Radius[nm]
CIRCLE
NAV IV 0872/26 - RIG: SEVAN LOUISIANA - 500m safety zone
28,50.800,N,090,05.300,W,0.27
// DANGER_SYMBOL,InstName
// Comment
// Lat,,,Lon
DANGER_SYMBOL,~WARNSY0,***,***
NAV IV 0872/26 - RIG: SHELL WHALE
26,13.400,N,094,40.400,W
// CIRCLE
// Comment
// Base Point-Lat,,,Base Point-Lon,,,Radius[nm]
CIRCLE
NAV IV 0872/26 - RIG: SHELL WHALE - 500m safety zone
26,13.400,N,094,40.400,W,0.27
// DANGER_SYMBOL,InstName
// Comment
// Lat,,,Lon
DANGER_SYMBOL,~WARNSY0,***,***
NAV IV 0872/26 - RIG: STENA CARRON
08,53.100,N,057,19.700,W
// CIRCLE
// Comment
// Base Point-Lat,,,Base Point-Lon,,,Radius[nm]
CIRCLE
NAV IV 0872/26 - RIG: STENA CARRON - 500m safety zone
08,53.100,N,057,19.700,W,0.27
// DANGER_SYMBOL,InstName
// Comment
// Lat,,,Lon
DANGER_SYMBOL,~WARNSY0,***,***
NAV IV 0872/26 - RIG: STENA EVOLUTION
27,02.400,N,092,14.600,W
// CIRCLE
// Comment
// Base Point-Lat,,,Base Point-Lon,,,Radius[nm]
CIRCLE
NAV IV 0872/26 - RIG: STENA EVOLUTION - 500m safety zone
27,02.400,N,092,14.600,W,0.27
// DANGER_SYMBOL,InstName
// Comment
// Lat,,,Lon
DANGER_SYMBOL,~WARNSY0,***,***
NAV IV 0872/26 - RIG: (NEW RIG) TABASCO
19,35.500,N,092,16.300,W
// CIRCLE
// Comment
// Base Point-Lat,,,Base Point-Lon,,,Radius[nm]
CIRCLE
NAV IV 0872/26 - RIG: (NEW RIG) TABASCO - 500m safety zone
19,35.500,N,092,16.300,W,0.27
// DANGER_SYMBOL,InstName
// Comment
// Lat,,,Lon
DANGER_SYMBOL,~WARNSY0,***,***
NAV IV 0872/26 - RIG: TAHITI SPAR
27,19.600,N,090,42.900,W
// CIRCLE
// Comment
// Base Point-Lat,,,Base Point-Lon,,,Radius[nm]
CIRCLE
NAV IV 0872/26 - RIG: TAHITI SPAR - 500m safety zone
27,19.600,N,090,42.900,W,0.27
// DANGER_SYMBOL,InstName
// Comment
// Lat,,,Lon
DANGER_SYMBOL,~WARNSY0,***,***
NAV IV 0872/26 - RIG: AAAA.   TERRA NOVA
46,28.300,N,048,27.900,W
// CIRCLE
// Comment
// Base Point-Lat,,,Base Point-Lon,,,Radius[nm]
CIRCLE
NAV IV 0872/26 - RIG: AAAA.   TERRA NOVA - 500m safety zone
46,28.300,N,048,27.900,W,0.27
// DANGER_SYMBOL,InstName
// Comment
// Lat,,,Lon
DANGER_SYMBOL,~WARNSY0,***,***
NAV IV 0872/26 - RIG: AAAB. THUNDER HORSE PDQ
28,11.400,N,088,29.700,W
// CIRCLE
// Comment
// Base Point-Lat,,,Base Point-Lon,,,Radius[nm]
CIRCLE
NAV IV 0872/26 - RIG: AAAB. THUNDER HORSE PDQ - 500m safety zone
28,11.400,N,088,29.700,W,0.27
// DANGER_SYMBOL,InstName
// Comment
// Lat,,,Lon
DANGER_SYMBOL,~WARNSY0,***,***
NAV IV 0872/26 - RIG: AAAC.   TUXPAN
18,45.800,N,091,45.700,W
// CIRCLE
// Comment
// Base Point-Lat,,,Base Point-Lon,,,Radius[nm]
CIRCLE
NAV IV 0872/26 - RIG: AAAC.   TUXPAN - 500m safety zone
18,45.800,N,091,45.700,W,0.27
// DANGER_SYMBOL,InstName
// Comment
// Lat,,,Lon
DANGER_SYMBOL,~WARNSY0,***,***
NAV IV 0872/26 - RIG: AAAD.   UXPANAPA
18,32.400,N,093,17.700,W
// CIRCLE
// Comment
// Base Point-Lat,,,Base Point-Lon,,,Radius[nm]
CIRCLE
NAV IV 0872/26 - RIG: AAAD.   UXPANAPA - 500m safety zone
18,32.400,N,093,17.700,W,0.27
// DANGER_SYMBOL,InstName
// Comment
// Lat,,,Lon
DANGER_SYMBOL,~WARNSY0,***,***
NAV IV 0872/26 - RIG: AAAE.   VALARIS DS-16
27,23.500,N,090,15.700,W
// CIRCLE
// Comment
// Base Point-Lat,,,Base Point-Lon,,,Radius[nm]
CIRCLE
NAV IV 0872/26 - RIG: AAAE.   VALARIS DS-16 - 500m safety zone
27,23.500,N,090,15.700,W,0.27
// DANGER_SYMBOL,InstName
// Comment
// Lat,,,Lon
DANGER_SYMBOL,~WARNSY0,***,***
NAV IV 0872/26 - RIG: AAAG.   VITO FPU
28,01.500,N,089,12.600,W
// CIRCLE
// Comment
// Base Point-Lat,,,Base Point-Lon,,,Radius[nm]
CIRCLE
NAV IV 0872/26 - RIG: AAAG.   VITO FPU - 500m safety zone
28,01.500,N,089,12.600,W,0.27
// DANGER_SYMBOL,InstName
// Comment
// Lat,,,Lon
DANGER_SYMBOL,~WARNSY0,***,***
NAV IV 0872/26 - RIG: AAAL.   WFD 400
28,41.000,N,090,08.900,W
// CIRCLE
// Comment
// Base Point-Lat,,,Base Point-Lon,,,Radius[nm]
CIRCLE
NAV IV 0872/26 - RIG: AAAL.   WFD 400 - 500m safety zone
28,41.000,N,090,08.900,W,0.27
// DANGER_SYMBOL,InstName
// Comment
// Lat,,,Lon
DANGER_SYMBOL,~WARNSY0,***,***
NAV IV 0872/26 - RIG: AAAM. YUNUEN
19,32.400,N,092,10.500,W
// CIRCLE
// Comment
// Base Point-Lat,,,Base Point-Lon,,,Radius[nm]
CIRCLE
NAV IV 0872/26 - RIG: AAAM. YUNUEN - 500m safety zone
19,32.400,N,092,10.500,W,0.27
// DANGER_SYMBOL,InstName
// Comment
// Lat,,,Lon
DANGER_SYMBOL,~WARNSY0,***,***
NAV IV 0872/26 - RIG: AAAN. YUUM KAK NAAB
19,36.700,N,092,17.900,W
// CIRCLE
// Comment
// Base Point-Lat,,,Base Point-Lon,,,Radius[nm]
CIRCLE
NAV IV 0872/26 - RIG: AAAN. YUUM KAK NAAB - 500m safety zone
19,36.700,N,092,17.900,W,0.27
// CAUTION_SYMBOL,InstName
// Comment
// Lat,,,Lon
CAUTION_SYMBOL,~WARNSY0,***,***
NAV IV 0871/26 UNDERWATER OPERATIONS 13 SEP THRU 03 OCT BY CABLE
23,17.560,N,071,18.470,W
// POLYGON
// Comment
// Lat,,,Lon,Add "END" to the end of vertex.
POLYGON
NAV IV 0870/26 HAZARDOUS OPERATIONS, SPACE DEBRIS 0111Z TO 0151Z
05,48.000,N,052,54.000,W
05,50.550,N,052,26.400,W
05,12.600,N,052,40.980,W
05,23.460,N,052,53.800,W
05,48.000,N,052,54.000,W
END
// POLYGON
// Comment
// Lat,,,Lon,Add "END" to the end of vertex.
POLYGON
NAV IV 0868/26 NAVAL OPERATIONS 0600Z TO 1700Z DAILY 14 THRU 16 
10,29.510,N,075,45.000,W
10,20.020,N,075,45.000,W
10,20.020,N,075,53.460,W
10,29.510,N,075,53.460,W
10,29.510,N,075,45.000,W
END
// POLYGON
// Comment
// Lat,,,Lon,Add "END" to the end of vertex.
POLYGON
NAV IV 0862/26 HAZARDOUS OPERATIONS, SPACE DEBRIS 2134Z TO 2357Z
08,58.000,N,050,28.000,W
08,06.000,N,047,28.000,W
03,21.000,N,032,11.000,W
00,57.000,N,032,55.000,W
05,44.000,N,048,12.000,W
08,58.000,N,050,28.000,W
END
// POLYGON
// Comment
// Lat,,,Lon,Add "END" to the end of vertex.
POLYGON
NAV IV 0861/26 Zone A: HAZARDOUS OPERATIONS, ROCKET LAUNCHING 13
29,16.000,N,075,11.000,W
29,35.000,N,072,08.000,W
29,21.000,N,071,15.000,W
28,38.000,N,071,15.000,W
28,19.000,N,072,12.000,W
28,46.000,N,075,11.000,W
29,16.000,N,075,11.000,W
END
// POLYGON
// Comment
// Lat,,,Lon,Add "END" to the end of vertex.
POLYGON
NAV IV 0861/26 Zone B: HAZARDOUS OPERATIONS, ROCKET LAUNCHING 13
28,36.520,N,080,35.630,W
28,39.000,N,080,29.000,W
28,39.000,N,080,06.000,W
28,33.000,N,080,06.000,W
28,31.000,N,080,22.000,W
28,31.000,N,080,33.280,W
28,36.520,N,080,35.630,W
END
// CAUTION_SYMBOL,InstName
// Comment
// Lat,,,Lon
CAUTION_SYMBOL,~WARNSY0,***,***
NAV IV 0859/26 CARIBBEAN SEA. COLOMBIA. ISLA FUERTE LIGHT 09-23.
09,23.450,N,076,10.680,W
// CAUTION_SYMBOL,InstName
// Comment
// Lat,,,Lon
CAUTION_SYMBOL,~WARNSY0,***,***
NAV IV 0857/26 NAVTEX STATION MIAMI (A) 25-30.00N 080-23.00W INO
25,30.000,N,080,23.000,W
// CAUTION_SYMBOL,InstName
// Comment
// Lat,,,Lon
CAUTION_SYMBOL,~WARNSY0,***,***
NAV IV 0852/26 CARIBBEAN SEA. GUADELOUPE. ILET GOSIER LIGHTHOUSE
16,11.910,N,061,29.450,W
// LINE_AGGREGATE
// Comment
// Lat,,,Lon,,,Type,Width,ColorNo,Comment
// Add "END" to the end of vertex.
LINE_AGGREGATE
NAV IV 0851/26 SURVEY OPERATIONS IN PROGRESS UNTIL 140700Z SEP B
09,57.550,N,059,57.410,W,2,2,9,NAV IV 0851/26 SURVEY OPERATIONS IN PROGRESS UNTIL 140700Z SEP B
09,56.600,N,060,01.530,W,2,2,9,NAV IV 0851/26 SURVEY OPERATIONS IN PROGRESS UNTIL 140700Z SEP B
09,58.220,N,060,01.850,W,2,2,9,NAV IV 0851/26 SURVEY OPERATIONS IN PROGRESS UNTIL 140700Z SEP B
09,58.800,N,060,03.080,W,2,2,9,NAV IV 0851/26 SURVEY OPERATIONS IN PROGRESS UNTIL 140700Z SEP B
10,03.550,N,060,11.760,W,2,2,9,NAV IV 0851/26 SURVEY OPERATIONS IN PROGRESS UNTIL 140700Z SEP B
10,03.570,N,060,13.570,W,2,2,9,NAV IV 0851/26 SURVEY OPERATIONS IN PROGRESS UNTIL 140700Z SEP B
10,05.810,N,060,13.560,W,2,2,9,NAV IV 0851/26 SURVEY OPERATIONS IN PROGRESS UNTIL 140700Z SEP B
10,05.810,N,060,12.340,W,2,2,9,NAV IV 0851/26 SURVEY OPERATIONS IN PROGRESS UNTIL 140700Z SEP B
10,06.560,N,060,07.930,W,2,2,9,NAV IV 0851/26 SURVEY OPERATIONS IN PROGRESS UNTIL 140700Z SEP B
10,04.810,N,060,06.340,W,2,2,9,NAV IV 0851/26 SURVEY OPERATIONS IN PROGRESS UNTIL 140700Z SEP B
10,04.800,N,060,06.050,W,2,2,9,NAV IV 0851/26 SURVEY OPERATIONS IN PROGRESS UNTIL 140700Z SEP B
10,04.480,N,060,04.100,W,2,2,9,NAV IV 0851/26 SURVEY OPERATIONS IN PROGRESS UNTIL 140700Z SEP B
10,02.380,N,060,01.640,W,2,2,9,NAV IV 0851/26 SURVEY OPERATIONS IN PROGRESS UNTIL 140700Z SEP B
10,00.880,N,060,00.380,W,2,2,9,NAV IV 0851/26 SURVEY OPERATIONS IN PROGRESS UNTIL 140700Z SEP B
09,59.430,N,059,59.100,W,2,2,9,NAV IV 0851/26 SURVEY OPERATIONS IN PROGRESS UNTIL 140700Z SEP B
09,59.690,N,059,57.720,W,2,2,9,NAV IV 0851/26 SURVEY OPERATIONS IN PROGRESS UNTIL 140700Z SEP B
09,58.190,N,059,57.420,W,2,2,9,NAV IV 0851/26 SURVEY OPERATIONS IN PROGRESS UNTIL 140700Z SEP B
END
// POLYGON
// Comment
// Lat,,,Lon,Add "END" to the end of vertex.
POLYGON
NAV IV 0845/26 Zone A: HAZARDOUS OPERATIONS, SPACE DEBRIS 0021Z 
09,36.000,N,052,45.000,W
09,36.000,N,052,42.000,W
08,41.000,N,052,43.000,W
08,41.000,N,052,46.000,W
09,36.000,N,052,45.000,W
END
// POLYGON
// Comment
// Lat,,,Lon,Add "END" to the end of vertex.
POLYGON
NAV IV 0845/26 Zone B: HAZARDOUS OPERATIONS, SPACE DEBRIS 0021Z 
24,14.000,N,055,20.000,W
24,16.000,N,055,04.000,W
21,21.000,N,054,38.000,W
21,19.000,N,054,54.000,W
24,14.000,N,055,20.000,W
END
// CAUTION_SYMBOL,InstName
// Comment
// Lat,,,Lon
CAUTION_SYMBOL,~WARNSY0,***,***
NAV IV 0842/26 CARIBBEAN SEA. DERELICT M/V UNLIT AND ANCHORED IN
15,54.770,N,078,41.810,W
// CAUTION_SYMBOL,InstName
// Comment
// Lat,,,Lon
CAUTION_SYMBOL,~WARNSY0,***,***
NAV IV 0832/26 UNDERWATER OPERATIONS IN PROGRESS UNTIL 052200Z D
10,06.050,N,060,17.510,W
// POLYGON
// Comment
// Lat,,,Lon,Add "END" to the end of vertex.
POLYGON
NAV IV 0831/26 SURVEY OPERATIONS 01 SEP THRU 20 NOV 26 BY M/V HO
07,44.740,N,056,13.990,W
07,40.040,N,056,14.930,W
07,30.010,N,056,19.190,W
07,30.020,N,056,25.050,W
07,34.990,N,056,25.040,W
07,35.000,N,056,34.990,W
07,29.980,N,056,35.000,W
07,29.990,N,056,45.100,W
07,59.880,N,056,45.090,W
07,59.860,N,056,24.900,W
07,49.980,N,056,24.920,W
07,49.980,N,056,20.100,W
07,44.750,N,056,20.100,W
07,44.740,N,056,13.990,W
END
// POLYGON
// Comment
// Lat,,,Lon,Add "END" to the end of vertex.
POLYGON
NAV IV 0822/26 SURVEY OPERATIONS UNTIL 01 DEC BY M/V GENESIS IN 
07,15.960,N,055,45.640,W
07,17.890,N,055,45.220,W
07,17.530,N,055,40.930,W
07,15.390,N,055,30.260,W
07,10.290,N,055,39.710,W
07,12.850,N,055,43.100,W
07,15.960,N,055,45.640,W
END
// POLYGON
// Comment
// Lat,,,Lon,Add "END" to the end of vertex.
POLYGON
NAV IV 0817/26 SURVEY OPERATIONS IN PROGRESS UNTIL 31 DEC BY M/V
27,54.830,N,092,06.050,W
27,52.850,N,089,52.060,W
26,24.290,N,089,54.510,W
26,26.110,N,089,54.510,W
27,54.830,N,092,06.050,W
END
// CAUTION_SYMBOL,InstName
// Comment
// Lat,,,Lon
CAUTION_SYMBOL,~WARNSY0,***,***
NAV IV 0799/26 UNDERWATER OPERATIONS 30800Z AUG TO 180800Z SEP B
37,32.000,N,074,14.000,W
// CAUTION_SYMBOL,InstName
// Comment
// Lat,,,Lon
CAUTION_SYMBOL,~WARNSY0,***,***
NAV IV 0798/26 CARIBBEAN SEA. VENEZUELA. GUARANAO LIGHT 11-40.00
11,40.000,N,070,12.800,W
// LINE_AGGREGATE
// Comment
// Lat,,,Lon,,,Type,Width,ColorNo,Comment
// Add "END" to the end of vertex.
LINE_AGGREGATE
NAV IV 0789/26 UNDERWATER OPERATIONS 1000Z TO 2000Z DAILY UNTIL 
06,07.960,N,050,11.980,W,2,2,9,NAV IV 0789/26 UNDERWATER OPERATIONS 1000Z TO 2000Z DAILY UNTIL 
05,42.650,N,048,10.880,W,2,2,9,NAV IV 0789/26 UNDERWATER OPERATIONS 1000Z TO 2000Z DAILY UNTIL 
04,08.820,N,046,25.060,W,2,2,9,NAV IV 0789/26 UNDERWATER OPERATIONS 1000Z TO 2000Z DAILY UNTIL 
02,28.170,N,045,06.010,W,2,2,9,NAV IV 0789/26 UNDERWATER OPERATIONS 1000Z TO 2000Z DAILY UNTIL 
02,10.820,N,044,46.980,W,2,2,9,NAV IV 0789/26 UNDERWATER OPERATIONS 1000Z TO 2000Z DAILY UNTIL 
00,43.660,N,043,12.680,W,2,2,9,NAV IV 0789/26 UNDERWATER OPERATIONS 1000Z TO 2000Z DAILY UNTIL 
00,18.440,S,042,11.090,W,2,2,9,NAV IV 0789/26 UNDERWATER OPERATIONS 1000Z TO 2000Z DAILY UNTIL 
01,07.780,S,040,58.420,W,2,2,9,NAV IV 0789/26 UNDERWATER OPERATIONS 1000Z TO 2000Z DAILY UNTIL 
01,48.280,S,038,57.490,W,2,2,9,NAV IV 0789/26 UNDERWATER OPERATIONS 1000Z TO 2000Z DAILY UNTIL 
02,14.740,S,037,36.650,W,2,2,9,NAV IV 0789/26 UNDERWATER OPERATIONS 1000Z TO 2000Z DAILY UNTIL 
02,11.350,S,036,54.420,W,2,2,9,NAV IV 0789/26 UNDERWATER OPERATIONS 1000Z TO 2000Z DAILY UNTIL 
END
// CAUTION_SYMBOL,InstName
// Comment
// Lat,,,Lon
CAUTION_SYMBOL,~WARNSY0,***,***
NAV IV 0709/26 NORTH ATLANTIC. GUYANA. M/V BARIMA SANK IN 07-28.
07,28.230,N,058,23.400,W
// POLYGON
// Comment
// Lat,,,Lon,Add "END" to the end of vertex.
POLYGON
NAV IV 0705/26 SURVEY OPERATIONS IN PROGRESS UNTIL 31 DEC BY VES
07,03.060,N,057,57.600,W
07,02.680,N,057,57.220,W
06,49.950,N,058,09.900,W
06,49.040,N,058,10.210,W
06,49.150,N,058,10.750,W
06,50.130,N,058,10.410,W
06,50.340,N,058,10.280,W
07,03.060,N,057,57.600,W
END
// CAUTION_SYMBOL,InstName
// Comment
// Lat,,,Lon
CAUTION_SYMBOL,~WARNSY0,***,***
NAV IV 0684/26 HUDSON STRAIT. CANADA. MCTS IQALUIT REMOTE STATIO
60,25.450,N,064,50.500,W
// CAUTION_SYMBOL,InstName
// Comment
// Lat,,,Lon
CAUTION_SYMBOL,~WARNSY0,***,***
NAV IV 0682/26 HUDSON BAY. CANADA. MCTS IQALUIT REMOTE STATION C
64,09.000,N,083,22.000,W
// CAUTION_SYMBOL,InstName
// Comment
// Lat,,,Lon
CAUTION_SYMBOL,~WARNSY0,***,***
NAV IV 0670/26 NORTH ATLANTIC. TRINIDAD AND TOBAGO. GALEOTA POIN
10,08.300,N,060,59.500,W
// CAUTION_SYMBOL,InstName
// Comment
// Lat,,,Lon
CAUTION_SYMBOL,~WARNSY0,***,***
NAV IV 0662/26 NORTH ATLANTIC. LOUISIANA. USCG REMOTE COMMUNICAT
29,53.000,N,089,57.000,W
// POLYGON
// Comment
// Lat,,,Lon,Add "END" to the end of vertex.
POLYGON
NAV IV 0658/26 PIPELINE OPERATIONS IN PROGRESS UNTIL 31 DEC BY M
08,07.370,N,056,57.900,W
08,07.370,N,056,47.300,W
07,56.630,N,056,47.300,W
07,56.630,N,056,57.900,W
08,07.370,N,056,57.900,W
END
// CAUTION_SYMBOL,InstName
// Comment
// Lat,,,Lon
CAUTION_SYMBOL,~WARNSY0,***,***
NAV IV 0653/26 Zone A: NORTH ATLANTIC. BROADCAST AND COMMUNICATI
41,43.000,N,070,31.000,W
// CAUTION_SYMBOL,InstName
// Comment
// Lat,,,Lon
CAUTION_SYMBOL,~WARNSY0,***,***
NAV IV 0653/26 Zone B: NORTH ATLANTIC. BROADCAST AND COMMUNICATI
36,44.000,N,076,01.000,W
// CAUTION_SYMBOL,InstName
// Comment
// Lat,,,Lon
CAUTION_SYMBOL,~WARNSY0,***,***
NAV IV 0653/26 Zone C: NORTH ATLANTIC. BROADCAST AND COMMUNICATI
32,08.000,N,081,42.000,W
// CAUTION_SYMBOL,InstName
// Comment
// Lat,,,Lon
CAUTION_SYMBOL,~WARNSY0,***,***
NAV IV 0653/26 Zone D: NORTH ATLANTIC. BROADCAST AND COMMUNICATI
25,30.000,N,080,23.000,W
// CAUTION_SYMBOL,InstName
// Comment
// Lat,,,Lon
CAUTION_SYMBOL,~WARNSY0,***,***
NAV IV 0653/26 Zone E: NORTH ATLANTIC. BROADCAST AND COMMUNICATI
29,53.000,N,089,57.000,W
// CAUTION_SYMBOL,InstName
// Comment
// Lat,,,Lon
CAUTION_SYMBOL,~WARNSY0,***,***
NAV IV 0653/26 Zone F: NORTH ATLANTIC. BROADCAST AND COMMUNICATI
18,27.000,N,066,06.000,W
// LINE_AGGREGATE
// Comment
// Lat,,,Lon,,,Type,Width,ColorNo,Comment
// Add "END" to the end of vertex.
LINE_AGGREGATE
NAV IV 0649/26 PIPELINE OPERATIONS IN PROGRESS UNTIL 201000Z OCT
10,03.730,N,061,00.620,W,2,2,9,NAV IV 0649/26 PIPELINE OPERATIONS IN PROGRESS UNTIL 201000Z OCT
10,03.650,N,060,57.670,W,2,2,9,NAV IV 0649/26 PIPELINE OPERATIONS IN PROGRESS UNTIL 201000Z OCT
09,52.320,N,060,28.130,W,2,2,9,NAV IV 0649/26 PIPELINE OPERATIONS IN PROGRESS UNTIL 201000Z OCT
09,54.290,N,060,17.430,W,2,2,9,NAV IV 0649/26 PIPELINE OPERATIONS IN PROGRESS UNTIL 201000Z OCT
09,57.880,N,060,13.710,W,2,2,9,NAV IV 0649/26 PIPELINE OPERATIONS IN PROGRESS UNTIL 201000Z OCT
09,55.710,N,060,08.780,W,2,2,9,NAV IV 0649/26 PIPELINE OPERATIONS IN PROGRESS UNTIL 201000Z OCT
END
// POLYGON
// Comment
// Lat,,,Lon,Add "END" to the end of vertex.
POLYGON
NAV IV 0621/26 UNDERWATER OPERATIONS IN PROGRESS UNTIL 31 DEC BY
08,03.090,N,056,46.880,W
08,03.090,N,056,43.660,W
07,56.570,N,056,38.770,W
07,51.150,N,056,38.770,W
07,51.150,N,056,46.940,W
07,56.580,N,056,43.670,W
08,03.090,N,056,46.880,W
END
// POLYGON
// Comment
// Lat,,,Lon,Add "END" to the end of vertex.
POLYGON
NAV IV 0616/26 SURVEY OPERATIONS IN PROGRESS UNTIL 15 NOV BY M/V
07,50.190,N,058,24.500,W
07,50.010,N,057,29.990,W
07,15.210,N,057,13.520,W
07,15.210,N,057,32.070,W
07,19.720,N,057,34.210,W
07,20.040,N,058,13.410,W
07,37.600,N,058,20.000,W
07,40.760,N,058,20.000,W
07,50.190,N,058,24.500,W
END
// POLYGON
// Comment
// Lat,,,Lon,Add "END" to the end of vertex.
POLYGON
NAV IV 0615/26 SURVEY OPERATIONS IN PROGRESS UNTIL 15 NOV BY M/V
07,50.190,N,058,24.500,W
07,50.010,N,057,29.990,W
07,15.210,N,057,13.520,W
07,15.210,N,057,32.070,W
07,19.720,N,057,34.210,W
07,20.040,N,058,13.410,W
07,37.600,N,058,20.000,W
07,40.760,N,058,20.000,W
07,50.190,N,058,24.500,W
END
// CAUTION_SYMBOL,InstName
// Comment
// Lat,,,Lon
CAUTION_SYMBOL,~WARNSY0,***,***
NAV IV 0601/26 TAPARO POINT LIGHT IN 10-03.53N 061-37.55W UNLIT.
10,03.530,N,061,37.550,W
// POLYGON
// Comment
// Lat,,,Lon,Add "END" to the end of vertex.
POLYGON
NAV IV 0587/26 SURVEY OPERATIONS IN PROGRESS UNTIL 15 SEP BY M/V
27,24.060,N,090,02.900,W
27,24.710,N,090,36.630,W
26,55.920,N,090,37.240,W
26,55.290,N,090,03.650,W
27,24.060,N,090,02.900,W
END
// POLYGON
// Comment
// Lat,,,Lon,Add "END" to the end of vertex.
POLYGON
NAV IV 0586/26 UNDERWATER OPERATIONS IN PROGRESS UNTIL 31 DEC BY
08,00.650,N,056,44.580,W
08,00.650,N,056,40.120,W
07,54.870,N,056,40.120,W
07,54.870,N,056,44.580,W
08,00.650,N,056,44.580,W
END
// CAUTION_SYMBOL,InstName
// Comment
// Lat,,,Lon
CAUTION_SYMBOL,~WARNSY0,***,***
NAV IV 0556/26 CARIBBEAN SEA. COLOMBIA. PUERTO BOLIVAR FRONT RAN
12,15.300,N,071,57.500,W
// POLYGON
// Comment
// Lat,,,Lon,Add "END" to the end of vertex.
POLYGON
NAV IV 0552/26 SURVEY OPERATIONS IN PROGRESS UNTIL 16 NOV BY M/V
07,57.540,N,058,27.640,W
07,57.950,N,057,57.950,W
07,57.540,N,057,51.010,W
07,11.930,N,057,33.860,W
07,11.510,N,058,09.640,W
07,57.540,N,058,27.640,W
END
// POLYGON
// Comment
// Lat,,,Lon,Add "END" to the end of vertex.
POLYGON
NAV IV 0551/26 SURVEY OPERATIONS IN PROGRESS UNTIL 16 NOV BY M/V
07,57.540,N,058,27.640,W
07,57.950,N,057,51.010,W
07,57.540,N,057,51.010,W
07,11.930,N,057,33.860,W
07,11.510,N,058,09.640,W
07,57.540,N,058,27.640,W
END
// CAUTION_SYMBOL,InstName
// Comment
// Lat,,,Lon
CAUTION_SYMBOL,~WARNSY0,***,***
NAV IV 0545/26 LM BUOY 09-25.99N 079-49.78W MISSING. 052107Z JUN
09,25.990,N,079,49.780,W
// POLYGON
// Comment
// Lat,,,Lon,Add "END" to the end of vertex.
POLYGON
NAV IV 0539/26 UNDERWATER OPERATIONS IN PROGRESS UNTIL 31 DEC BY
07,54.850,N,057,06.470,W
08,04.550,N,057,06.470,W
08,04.550,N,056,50.160,W
07,54.850,N,056,50.160,W
07,54.850,N,057,06.470,W
END
// CAUTION_SYMBOL,InstName
// Comment
// Lat,,,Lon
CAUTION_SYMBOL,~WARNSY0,***,***
NAV IV 0525/26 OBSTRUCTION, 20 METERS BELOW SURFACE, IN 24-50.93
24,50.930,N,077,48.830,W
// CAUTION_SYMBOL,InstName
// Comment
// Lat,,,Lon
CAUTION_SYMBOL,~WARNSY0,***,***
NAV IV 0452/26 CARIBBEAN SEA. VENEZUELA. PUNTA PERRET LIGHT 11-4
11,47.680,N,071,20.370,W
// CAUTION_SYMBOL,InstName
// Comment
// Lat,,,Lon
CAUTION_SYMBOL,~WARNSY0,***,***
NAV IV 0451/26 CARIBBEAN SEA. VENEZUELA. PUNTA PALANQUETE LIGHT 
10,49.900,N,064,12.600,W
// CAUTION_SYMBOL,InstName
// Comment
// Lat,,,Lon
CAUTION_SYMBOL,~WARNSY0,***,***
NAV IV 0413/26 BRIGAND HILL LIGHT 10-29.61N 061-04.20W CHANGED T
10,29.610,N,061,04.200,W
// CAUTION_SYMBOL,InstName
// Comment
// Lat,,,Lon
CAUTION_SYMBOL,~WARNSY0,***,***
NAV IV 0345/26 CARIBBEAN SEA. COLOMBIA. M/V ROSWAL SANK IN 08-40
08,40.880,N,076,50.000,W
// CAUTION_SYMBOL,InstName
// Comment
// Lat,,,Lon
CAUTION_SYMBOL,~WARNSY0,***,***
NAV IV 0306/26 WESTERN NORTH ATLANTIC. CUBA. CARAPACHIBEY LIGHT 
21,26.900,N,082,55.400,W
// CAUTION_SYMBOL,InstName
// Comment
// Lat,,,Lon
CAUTION_SYMBOL,~WARNSY0,***,***
NAV IV 0222/26 NORTH ATLANTIC. GUYANA. BARGE TRADER III SANK IN 
06,53.770,N,057,53.430,W
// CAUTION_SYMBOL,InstName
// Comment
// Lat,,,Lon
CAUTION_SYMBOL,~WARNSY0,***,***
NAV IV 0161/26 CHUPARA POINT LIGHT, 10-48.72N 061-21.86W . UNLIT
10,48.720,N,061,21.860,W
// CAUTION_SYMBOL,InstName
// Comment
// Lat,,,Lon
CAUTION_SYMBOL,~WARNSY0,***,***
NAV IV 0113/26 CARIBBEAN SEA. PANAMA. MANZANILLO ENTRANCE WEST H
09,22.900,N,079,53.900,W
// POLYGON
// Comment
// Lat,,,Lon,Add "END" to the end of vertex.
POLYGON
NAV IV 0098/26 SURVEY OPERATIONS IN PROGRESS UNTIL 31 DEC 26 BY 
08,00.000,N,057,09.900,W
08,00.000,N,056,28.700,W
07,41.000,N,056,28.700,W
07,41.100,N,057,09.900,W
08,00.000,N,057,09.900,W
END
// CAUTION_SYMBOL,InstName
// Comment
// Lat,,,Lon
CAUTION_SYMBOL,~WARNSY0,***,***
NAV IV 0079/26 CARIBBEAN SEA. TRINIDAD AND TOBAGO. GRAN CHEMIN L
10,05.270,N,061,16.770,W
// CAUTION_SYMBOL,InstName
// Comment
// Lat,,,Lon
CAUTION_SYMBOL,~WARNSY0,***,***
NAV IV 0055/26 NORTH ATLANTIC. CUBA. PUNTA BARLOVENTO LIGHT 20-4
20,43.200,N,075,19.150,W
// CAUTION_SYMBOL,InstName
// Comment
// Lat,,,Lon
CAUTION_SYMBOL,~WARNSY0,***,***
NAV IV 0053/26 GULF OF AMERICA. MEXICO. DANGEROUS WRECK IN 25-14
25,14.240,N,097,07.720,W
// POLYGON
// Comment
// Lat,,,Lon,Add "END" to the end of vertex.
POLYGON
NAV IV 0007/26 Zone A: PIPELINE OPERATIONS IN PROGRESS THRU 31 D
08,00.660,N,056,44.580,W
08,00.660,N,056,40.120,W
07,54.870,N,056,40.120,W
07,54.870,N,056,44.580,W
08,00.660,N,056,44.580,W
END
// POLYGON
// Comment
// Lat,,,Lon,Add "END" to the end of vertex.
POLYGON
NAV IV 0007/26 Zone B: PIPELINE OPERATIONS IN PROGRESS THRU 31 D
08,15.960,N,057,02.230,W
08,15.960,N,056,54.250,W
07,58.600,N,056,54.250,W
07,58.600,N,057,02.230,W
08,15.960,N,057,02.230,W
END
// POLYGON
// Comment
// Lat,,,Lon,Add "END" to the end of vertex.
POLYGON
NAV IV 0007/26 Zone C: PIPELINE OPERATIONS IN PROGRESS THRU 31 D
08,06.940,N,056,49.930,W
08,06.940,N,056,46.610,W
07,58.940,N,056,46.610,W
07,58.940,N,056,49.930,W
08,06.940,N,056,49.930,W
END
// POLYGON
// Comment
// Lat,,,Lon,Add "END" to the end of vertex.
POLYGON
NAV IV 0007/26 Zone D: PIPELINE OPERATIONS IN PROGRESS THRU 31 D
08,03.090,N,056,46.930,W
08,03.090,N,056,43.660,W
07,56.580,N,056,43.670,W
07,56.570,N,056,38.770,W
07,51.150,N,056,38.770,W
07,51.150,N,056,46.940,W
08,03.090,N,056,46.930,W
END
// POLYGON
// Comment
// Lat,,,Lon,Add "END" to the end of vertex.
POLYGON
NAV IV 1431/25 SURVEY OPERATIONS IN PROGRESS UNTIL 31 DEC 26 BY 
08,09.730,N,057,09.730,W
08,09.730,N,056,35.000,W
08,09.730,N,056,30.270,W
07,59.730,N,056,30.270,W
07,59.730,N,056,25.270,W
07,49.730,N,056,25.270,W
07,49.730,N,056,20.270,W
07,44.730,N,056,20.270,W
07,44.730,N,056,14.320,W
07,40.080,N,056,15.250,W
07,30.270,N,056,19.430,W
07,30.270,N,056,24.730,W
07,35.270,N,056,24.730,W
07,35.270,N,056,35.270,W
07,30.270,N,056,35.270,W
07,30.270,N,056,44.730,W
07,35.270,N,056,44.730,W
07,35.270,N,056,54.730,W
07,40.270,N,056,54.730,W
07,40.270,N,057,09.730,W
07,40.270,N,057,09.730,W
08,05.000,N,057,09.730,W
08,09.730,N,057,09.730,W
END
// POLYGON
// Comment
// Lat,,,Lon,Add "END" to the end of vertex.
POLYGON
NAV IV 1430/25 UNDERWATER OPERATIONS IN PROGRESS UNTIL 31 DEC 26
08,15.960,N,057,02.230,W
08,15.960,N,056,54.250,W
07,58.600,N,056,54.250,W
07,58.600,N,057,02.230,W
08,15.960,N,057,02.230,W
END
// CAUTION_SYMBOL,InstName
// Comment
// Lat,,,Lon
CAUTION_SYMBOL,~WARNSY0,***,***
NAV IV 1413/25 NORTH ATLANTIC. GUYANA. TWO ODAS BUOYS ESTABLISHE
06,57.930,N,057,48.540,W
// CAUTION_SYMBOL,InstName
// Comment
// Lat,,,Lon
CAUTION_SYMBOL,~WARNSY0,***,***
NAV IV 1391/25 CAYO NOROESTE LIGHT 11-13.31N 068-26.28W UNLIT.
11,13.310,N,068,26.280,W
// CAUTION_SYMBOL,InstName
// Comment
// Lat,,,Lon
CAUTION_SYMBOL,~WARNSY0,***,***
NAV IV 1292/25 Zone A: DAVIS STRAIT. 22 OCEAN BOTTOM MOORINGS DE
61,32.920,N,059,23.180,W
// CAUTION_SYMBOL,InstName
// Comment
// Lat,,,Lon
CAUTION_SYMBOL,~WARNSY0,***,***
NAV IV 1292/25 Zone B: DAVIS STRAIT. 22 OCEAN BOTTOM MOORINGS DE
61,20.010,N,058,47.400,W
// CAUTION_SYMBOL,InstName
// Comment
// Lat,,,Lon
CAUTION_SYMBOL,~WARNSY0,***,***
NAV IV 1292/25 Zone C: DAVIS STRAIT. 22 OCEAN BOTTOM MOORINGS DE
61,03.970,N,058,12.110,W
// CAUTION_SYMBOL,InstName
// Comment
// Lat,,,Lon
CAUTION_SYMBOL,~WARNSY0,***,***
NAV IV 1292/25 Zone D: DAVIS STRAIT. 22 OCEAN BOTTOM MOORINGS DE
60,51.410,N,057,37.030,W
// CAUTION_SYMBOL,InstName
// Comment
// Lat,,,Lon
CAUTION_SYMBOL,~WARNSY0,***,***
NAV IV 1292/25 Zone E: DAVIS STRAIT. 22 OCEAN BOTTOM MOORINGS DE
61,25.560,N,059,50.900,W
// CAUTION_SYMBOL,InstName
// Comment
// Lat,,,Lon
CAUTION_SYMBOL,~WARNSY0,***,***
NAV IV 1292/25 Zone F: DAVIS STRAIT. 22 OCEAN BOTTOM MOORINGS DE
61,15.380,N,059,22.430,W
// CAUTION_SYMBOL,InstName
// Comment
// Lat,,,Lon
CAUTION_SYMBOL,~WARNSY0,***,***
NAV IV 1292/25 Zone G: DAVIS STRAIT. 22 OCEAN BOTTOM MOORINGS DE
61,03.180,N,058,55.910,W
// CAUTION_SYMBOL,InstName
// Comment
// Lat,,,Lon
CAUTION_SYMBOL,~WARNSY0,***,***
NAV IV 1292/25 Zone H: DAVIS STRAIT. 22 OCEAN BOTTOM MOORINGS DE
60,53.820,N,058,33.220,W
// CAUTION_SYMBOL,InstName
// Comment
// Lat,,,Lon
CAUTION_SYMBOL,~WARNSY0,***,***
NAV IV 1292/25 Zone I: DAVIS STRAIT. 22 OCEAN BOTTOM MOORINGS DE
60,38.790,N,058,04.730,W
// CAUTION_SYMBOL,InstName
// Comment
// Lat,,,Lon
CAUTION_SYMBOL,~WARNSY0,***,***
NAV IV 1292/25 Zone J: DAVIS STRAIT. 22 OCEAN BOTTOM MOORINGS DE
61,09.010,N,060,06.800,W
// CAUTION_SYMBOL,InstName
// Comment
// Lat,,,Lon
CAUTION_SYMBOL,~WARNSY0,***,***
NAV IV 1292/25 Zone K: DAVIS STRAIT. 22 OCEAN BOTTOM MOORINGS DE
61,02.040,N,059,32.470,W
// CAUTION_SYMBOL,InstName
// Comment
// Lat,,,Lon
CAUTION_SYMBOL,~WARNSY0,***,***
NAV IV 1292/25 Zone L: DAVIS STRAIT. 22 OCEAN BOTTOM MOORINGS DE
60,49.160,N,059,12.670,W
// CAUTION_SYMBOL,InstName
// Comment
// Lat,,,Lon
CAUTION_SYMBOL,~WARNSY0,***,***
NAV IV 1292/25 Zone M: DAVIS STRAIT. 22 OCEAN BOTTOM MOORINGS DE
60,43.090,N,058,43.890,W
// CAUTION_SYMBOL,InstName
// Comment
// Lat,,,Lon
CAUTION_SYMBOL,~WARNSY0,***,***
NAV IV 1292/25 Zone N: DAVIS STRAIT. 22 OCEAN BOTTOM MOORINGS DE
60,50.620,N,060,11.910,W
// CAUTION_SYMBOL,InstName
// Comment
// Lat,,,Lon
CAUTION_SYMBOL,~WARNSY0,***,***
NAV IV 1292/25 Zone O: DAVIS STRAIT. 22 OCEAN BOTTOM MOORINGS DE
60,42.990,N,059,40.960,W
// CAUTION_SYMBOL,InstName
// Comment
// Lat,,,Lon
CAUTION_SYMBOL,~WARNSY0,***,***
NAV IV 1292/25 Zone P: DAVIS STRAIT. 22 OCEAN BOTTOM MOORINGS DE
60,35.800,N,059,10.900,W
// CAUTION_SYMBOL,InstName
// Comment
// Lat,,,Lon
CAUTION_SYMBOL,~WARNSY0,***,***
NAV IV 1292/25 Zone Q: DAVIS STRAIT. 22 OCEAN BOTTOM MOORINGS DE
60,28.940,N,058,27.740,W
// CAUTION_SYMBOL,InstName
// Comment
// Lat,,,Lon
CAUTION_SYMBOL,~WARNSY0,***,***
NAV IV 1292/25 Zone R: DAVIS STRAIT. 22 OCEAN BOTTOM MOORINGS DE
60,14.230,N,057,51.330,W
// CAUTION_SYMBOL,InstName
// Comment
// Lat,,,Lon
CAUTION_SYMBOL,~WARNSY0,***,***
NAV IV 1292/25 Zone S: DAVIS STRAIT. 22 OCEAN BOTTOM MOORINGS DE
60,35.360,N,060,10.700,W
// CAUTION_SYMBOL,InstName
// Comment
// Lat,,,Lon
CAUTION_SYMBOL,~WARNSY0,***,***
NAV IV 1292/25 Zone T: DAVIS STRAIT. 22 OCEAN BOTTOM MOORINGS DE
60,23.710,N,059,36.230,W
// CAUTION_SYMBOL,InstName
// Comment
// Lat,,,Lon
CAUTION_SYMBOL,~WARNSY0,***,***
NAV IV 1292/25 Zone U: DAVIS STRAIT. 22 OCEAN BOTTOM MOORINGS DE
60,18.960,N,059,04.370,W
// CAUTION_SYMBOL,InstName
// Comment
// Lat,,,Lon
CAUTION_SYMBOL,~WARNSY0,***,***
NAV IV 1292/25 Zone V: DAVIS STRAIT. 22 OCEAN BOTTOM MOORINGS DE
60,13.290,N,058,33.870,W
// CAUTION_SYMBOL,InstName
// Comment
// Lat,,,Lon
CAUTION_SYMBOL,~WARNSY0,***,***
NAV IV 1282/25 CARIBBEAN SEA. GUADELOUPE. LA DESIRADE LIGHT 16-2
16,20.000,N,061,00.330,W
// CAUTION_SYMBOL,InstName
// Comment
// Lat,,,Lon
CAUTION_SYMBOL,~WARNSY0,***,***
NAV IV 1175/25 CARIBBEAN SEA. VENEZUELA. ROBLEDAL LIGHT 11-02.59
11,02.590,N,064,22.630,W
// CAUTION_SYMBOL,InstName
// Comment
// Lat,,,Lon
CAUTION_SYMBOL,~WARNSY0,***,***
NAV IV 1174/25 CARIBBEAN SEA. VENEZUELA. CABO NEGRO LIGHT 11-30.
11,30.150,N,069,33.340,W
// CAUTION_SYMBOL,InstName
// Comment
// Lat,,,Lon
CAUTION_SYMBOL,~WARNSY0,***,***
NAV IV 1158/25 CARIBBEAN SEA. VENEZUELA. DANGEROUS WRECK IN 10-1
10,13.390,N,064,42.220,W
// CAUTION_SYMBOL,InstName
// Comment
// Lat,,,Lon
CAUTION_SYMBOL,~WARNSY0,***,***
NAV IV 1114/25 CROWN POINT LIGHT 11-08.90N 060-50.70W UNLIT.
11,08.900,N,060,50.700,W
// CAUTION_SYMBOL,InstName
// Comment
// Lat,,,Lon
CAUTION_SYMBOL,~WARNSY0,***,***
NAV IV 0998/25 CARIBBEAN SEA. TRINIDAD AND TOBAGO. UNMARKED SUBM
10,28.290,N,061,33.830,W
// CAUTION_SYMBOL,InstName
// Comment
// Lat,,,Lon
CAUTION_SYMBOL,~WARNSY0,***,***
NAV IV 0872/25 Zone A: NORTH ATLANTIC. DOMINICAN REPUBLIC. DUE T
19,10.610,N,069,16.510,W
// CAUTION_SYMBOL,InstName
// Comment
// Lat,,,Lon
CAUTION_SYMBOL,~WARNSY0,***,***
NAV IV 0872/25 Zone B: NORTH ATLANTIC. DOMINICAN REPUBLIC. DUE T
19,09.040,N,069,07.440,W
// CAUTION_SYMBOL,InstName
// Comment
// Lat,,,Lon
CAUTION_SYMBOL,~WARNSY0,***,***
NAV IV 0872/25 Zone C: NORTH ATLANTIC. DOMINICAN REPUBLIC. DUE T
19,10.350,N,069,13.740,W
// CAUTION_SYMBOL,InstName
// Comment
// Lat,,,Lon
CAUTION_SYMBOL,~WARNSY0,***,***
NAV IV 0829/25 CARIBBEAN SEA. TRINIDAD AND TOBAGO. CHACACHACARE 
10,41.810,N,061,45.250,W
// CAUTION_SYMBOL,InstName
// Comment
// Lat,,,Lon
CAUTION_SYMBOL,~WARNSY0,***,***
NAV IV 0789/25 CARIBBEAN SEA. VENEZUELA. LA GUAIRA LIGHT 10-36.2
10,36.250,N,066,56.710,W
// CAUTION_SYMBOL,InstName
// Comment
// Lat,,,Lon
CAUTION_SYMBOL,~WARNSY0,***,***
NAV IV 0761/25 NORTH ATLANTIC. SURINAME. SAFEWATER BUOY LS 06-04
06,04.810,N,055,12.820,W
// CAUTION_SYMBOL,InstName
// Comment
// Lat,,,Lon
CAUTION_SYMBOL,~WARNSY0,***,***
NAV IV 0693/25 Zone A: GULF OF HONDURAS. HONDURAS. LIGHTS UNLIT:
15,50.900,N,087,22.500,W
// CAUTION_SYMBOL,InstName
// Comment
// Lat,,,Lon
CAUTION_SYMBOL,~WARNSY0,***,***
NAV IV 0693/25 Zone B: GULF OF HONDURAS. HONDURAS. LIGHTS UNLIT:
16,07.300,N,086,52.900,W
// CAUTION_SYMBOL,InstName
// Comment
// Lat,,,Lon
CAUTION_SYMBOL,~WARNSY0,***,***
NAV IV 0693/25 Zone C: GULF OF HONDURAS. HONDURAS. LIGHTS UNLIT:
15,58.600,N,086,28.600,W
// CAUTION_SYMBOL,InstName
// Comment
// Lat,,,Lon
CAUTION_SYMBOL,~WARNSY0,***,***
NAV IV 0693/25 Zone D: GULF OF HONDURAS. HONDURAS. LIGHTS UNLIT:
15,59.200,N,085,01.700,W
// CAUTION_SYMBOL,InstName
// Comment
// Lat,,,Lon
CAUTION_SYMBOL,~WARNSY0,***,***
NAV IV 0693/25 Zone E: GULF OF HONDURAS. HONDURAS. LIGHTS UNLIT:
15,48.900,N,084,18.200,W
// CAUTION_SYMBOL,InstName
// Comment
// Lat,,,Lon
CAUTION_SYMBOL,~WARNSY0,***,***
NAV IV 0693/25 Zone F: GULF OF HONDURAS. HONDURAS. LIGHTS UNLIT:
15,15.200,N,083,23.700,W
// CAUTION_SYMBOL,InstName
// Comment
// Lat,,,Lon
CAUTION_SYMBOL,~WARNSY0,***,***
NAV IV 0693/25 Zone G: GULF OF HONDURAS. HONDURAS. LIGHTS UNLIT:
16,01.500,N,086,00.600,W
// CAUTION_SYMBOL,InstName
// Comment
// Lat,,,Lon
CAUTION_SYMBOL,~WARNSY0,***,***
NAV IV 0693/25 Zone H: GULF OF HONDURAS. HONDURAS. LIGHTS UNLIT:
16,16.100,N,086,36.100,W
// CAUTION_SYMBOL,InstName
// Comment
// Lat,,,Lon
CAUTION_SYMBOL,~WARNSY0,***,***
NAV IV 0671/25 CARIBBEAN SEA. VENEZUELA. PUNTA CHARAGATO LIGHT 1
10,50.480,N,064,09.380,W
// CAUTION_SYMBOL,InstName
// Comment
// Lat,,,Lon
CAUTION_SYMBOL,~WARNSY0,***,***
NAV IV 0667/25 EASTERN CARIBBEAN SEA. MARTINIQUE. CARENAGE RANGE
14,36.320,N,061,03.740,W
// CAUTION_SYMBOL,InstName
// Comment
// Lat,,,Lon
CAUTION_SYMBOL,~WARNSY0,***,***
NAV IV 0663/25 WESTERN CARIBBEAN SEA. PANAMA. STARBOARD HAND 4 B
09,23.520,N,079,53.870,W
// CAUTION_SYMBOL,InstName
// Comment
// Lat,,,Lon
CAUTION_SYMBOL,~WARNSY0,***,***
NAV IV 0650/25 WESTERN CARIBBEAN SEA. PANAMA. PORT HAND 3 BUOY 0
09,23.520,N,079,53.750,W
// CAUTION_SYMBOL,InstName
// Comment
// Lat,,,Lon
CAUTION_SYMBOL,~WARNSY0,***,***
NAV IV 0644/25 PUNTA BOROJO LIGHT 11-12.08N 070-46.67W CHANGED T
11,12.080,N,070,46.670,W
// CAUTION_SYMBOL,InstName
// Comment
// Lat,,,Lon
CAUTION_SYMBOL,~WARNSY0,***,***
NAV IV 0643/25 EASTERN CARIBBEAN SEA. VENEZUELA. PUNTA ORIENTAL 
10,54.000,N,065,12.300,W
// CAUTION_SYMBOL,InstName
// Comment
// Lat,,,Lon
CAUTION_SYMBOL,~WARNSY0,***,***
NAV IV 0616/25 Zone A: WESTERN NORTH ATLANTIC. MESSAGING SERVICE
41,42.000,N,070,30.300,W
// CAUTION_SYMBOL,InstName
// Comment
// Lat,,,Lon
CAUTION_SYMBOL,~WARNSY0,***,***
NAV IV 0616/25 Zone B: WESTERN NORTH ATLANTIC. MESSAGING SERVICE
36,43.700,N,076,00.600,W
// CAUTION_SYMBOL,InstName
// Comment
// Lat,,,Lon
CAUTION_SYMBOL,~WARNSY0,***,***
NAV IV 0616/25 Zone C: WESTERN NORTH ATLANTIC. MESSAGING SERVICE
32,50.000,N,079,56.000,W
// CAUTION_SYMBOL,InstName
// Comment
// Lat,,,Lon
CAUTION_SYMBOL,~WARNSY0,***,***
NAV IV 0616/25 Zone D: WESTERN NORTH ATLANTIC. MESSAGING SERVICE
25,37.000,N,080,23.000,W
// CAUTION_SYMBOL,InstName
// Comment
// Lat,,,Lon
CAUTION_SYMBOL,~WARNSY0,***,***
NAV IV 0616/25 Zone E: WESTERN NORTH ATLANTIC. MESSAGING SERVICE
29,53.100,N,089,56.700,W
// CAUTION_SYMBOL,InstName
// Comment
// Lat,,,Lon
CAUTION_SYMBOL,~WARNSY0,***,***
NAV IV 0563/25 EASTERN CARIBBEAN SEA. VENEZUELA. PUNTA TIGRE LIG
11,04.920,N,064,13.000,W
// CAUTION_SYMBOL,InstName
// Comment
// Lat,,,Lon
CAUTION_SYMBOL,~WARNSY0,***,***
NAV IV 0504/25 WESTERN CARIBBEAN SEA. PANAMA. MANZANILLO ENTRANC
09,22.900,N,079,53.900,W
// CAUTION_SYMBOL,InstName
// Comment
// Lat,,,Lon
CAUTION_SYMBOL,~WARNSY0,***,***
NAV IV 0466/25 WESTERN CARIBBEAN SEA. NICARAGUA. HOYO SOPLADOR L
12,28.850,N,081,43.830,W
// POLYGON
// Comment
// Lat,,,Lon,Add "END" to the end of vertex.
POLYGON
NAV IV 0354/25 Zone A: EASTERN CARIBBEAN SEA. VENEZUELA. HAZARDO
10,59.880,N,064,17.050,W
11,11.680,N,064,57.000,W
11,47.560,N,064,25.280,W
10,59.880,N,064,17.050,W
END
// POLYGON
// Comment
// Lat,,,Lon,Add "END" to the end of vertex.
POLYGON
NAV IV 0354/25 Zone B: EASTERN CARIBBEAN SEA. VENEZUELA. HAZARDO
11,07.070,N,063,40.770,W
11,14.910,N,063,59.520,W
11,55.000,N,064,01.980,W
11,28.250,N,063,07.480,W
11,07.070,N,063,40.770,W
END
// CAUTION_SYMBOL,InstName
// Comment
// Lat,,,Lon
CAUTION_SYMBOL,~WARNSY0,***,***
NAV IV 0312/25 EASTERN CARIBBEAN SEA. VENEZUELA. WOLKER LIGHT 11
11,48.700,N,066,11.080,W
// CAUTION_SYMBOL,InstName
// Comment
// Lat,,,Lon
CAUTION_SYMBOL,~WARNSY0,***,***
NAV IV 0311/25 EASTERN CARIBBEAN SEA. VENEZUELA. ORCHILA PIER BE
11,48.430,N,066,12.000,W
// CAUTION_SYMBOL,InstName
// Comment
// Lat,,,Lon
CAUTION_SYMBOL,~WARNSY0,***,***
NAV IV 0183/25 EASTERN CARIBBEAN SEA. VENEZUELA. ISLA TESTIGO GR
11,22.900,N,063,07.200,W
// CAUTION_SYMBOL,InstName
// Comment
// Lat,,,Lon
CAUTION_SYMBOL,~WARNSY0,***,***
NAV IV 0155/25 CARIBBEAN SEA. COLOMBIA. RACON AT RIO MAGDALENA F
11,06.400,N,074,51.300,W
// CAUTION_SYMBOL,InstName
// Comment
// Lat,,,Lon
CAUTION_SYMBOL,~WARNSY0,***,***
NAV IV 0130/25 WESTERN CARIBBEAN SEA. BELIZE. HALF MOON CAY LIGH
17,12.200,N,087,31.800,W
// CAUTION_SYMBOL,InstName
// Comment
// Lat,,,Lon
CAUTION_SYMBOL,~WARNSY0,***,***
NAV IV 0090/25 BAY OF CAMPECHE. MEXICO. SANTIAGUILLO LIGHT 19-08
19,08.560,N,095,48.480,W
// CAUTION_SYMBOL,InstName
// Comment
// Lat,,,Lon
CAUTION_SYMBOL,~WARNSY0,***,***
NAV IV 0012/25 GULF OF HONDURAS. BELIZE. HUNTING CAY LIGHT 16-06
16,06.400,N,088,16.600,W
// CAUTION_SYMBOL,InstName
// Comment
// Lat,,,Lon
CAUTION_SYMBOL,~WARNSY0,***,***
NAV IV 1553/24 WESTERN CARIBBEAN SEA. CUBA. LOS BALLENATOS LIGHT
21,34.710,N,081,38.300,W
// POLYGON
// Comment
// Lat,,,Lon,Add "END" to the end of vertex.
POLYGON
NAV IV 1524/24 TO AVOID THE RISK OF POLLUTION AND DAMAGE TO THE 
17,27.060,N,063,56.140,W
17,29.000,N,063,55.090,W
17,27.940,N,063,43.320,W
17,38.030,N,063,27.410,W
17,43.350,N,063,32.740,W
17,45.980,N,063,29.980,W
17,40.340,N,063,21.100,W
17,30.880,N,063,10.920,W
17,23.800,N,063,11.250,W
17,16.270,N,063,15.850,W
17,13.440,N,063,26.890,W
17,10.550,N,063,41.810,W
17,20.850,N,063,49.890,W
17,27.060,N,063,56.140,W
END
// CAUTION_SYMBOL,InstName
// Comment
// Lat,,,Lon
CAUTION_SYMBOL,~WARNSY0,***,***
NAV IV 1382/24 CARIBBEAN SEA. DOMINICAN REPUBLIC. PUNTA TORRECIL
18,27.860,N,069,52.580,W
// CAUTION_SYMBOL,InstName
// Comment
// Lat,,,Lon
CAUTION_SYMBOL,~WARNSY0,***,***
NAV IV 1125/24 GULF OF HONDURAS. BELIZE. CHART 28162. EAST SNAKE
16,12.600,N,088,30.200,W
// CAUTION_SYMBOL,InstName
// Comment
// Lat,,,Lon
CAUTION_SYMBOL,~WARNSY0,***,***
NAV IV 0797/24 EASTERN CARIBBEAN SEA. GRENADINES. CHART 25001 DA
12,35.750,N,061,24.440,W
// CAUTION_SYMBOL,InstName
// Comment
// Lat,,,Lon
CAUTION_SYMBOL,~WARNSY0,***,***
NAV IV 0746/24 WESTERN NORTH ATLANTIC. ODAS BUOY ESTABLISHED IN 
47,53.930,N,046,47.740,W
// CAUTION_SYMBOL,InstName
// Comment
// Lat,,,Lon
CAUTION_SYMBOL,~WARNSY0,***,***
NAV IV 0722/24 SANDBORE CAY LIGHT 17-28.20N 087-29.50W UNLIT.
17,28.200,N,087,29.500,W
// CAUTION_SYMBOL,InstName
// Comment
// Lat,,,Lon
CAUTION_SYMBOL,~WARNSY0,***,***
NAV IV 0703/24 WESTERN CARIBBEAN SEA. MEXICO. PUNTA HERRERO LIGH
19,18.760,N,087,26.760,W
// CAUTION_SYMBOL,InstName
// Comment
// Lat,,,Lon
CAUTION_SYMBOL,~WARNSY0,***,***
NAV IV 0702/24 GULF OF MEXICO MEXICO. PUNTA DE PIEDRA LIGHT 24-2
24,29.230,N,097,44.560,W
// CAUTION_SYMBOL,InstName
// Comment
// Lat,,,Lon
CAUTION_SYMBOL,~WARNSY0,***,***
NAV IV 0701/24 GULF OF MEXICO. MEXICO. CARBONERA LIGHT 24-37.62N
24,37.620,N,097,42.970,W
// CAUTION_SYMBOL,InstName
// Comment
// Lat,,,Lon
CAUTION_SYMBOL,~WARNSY0,***,***
NAV IV 0437/24 WESTERN CARIBBEAN SEA. COLOMBIA. CAYO RONCADOR LI
13,34.410,N,080,05.510,W
// CAUTION_SYMBOL,InstName
// Comment
// Lat,,,Lon
CAUTION_SYMBOL,~WARNSY0,***,***
NAV IV 0325/24 WESTERN NORTH ATLANTIC. GUYANA. ODAS BUOY ESTABLI
07,02.670,N,057,58.650,W
// CAUTION_SYMBOL,InstName
// Comment
// Lat,,,Lon
CAUTION_SYMBOL,~WARNSY0,***,***
NAV IV 0214/24 CARIBBEAN SEA. NETHERLANDS ANTILLES. KLEIN BONAIR
12,09.370,N,068,19.610,W
// CAUTION_SYMBOL,InstName
// Comment
// Lat,,,Lon
CAUTION_SYMBOL,~WARNSY0,***,***
NAV IV 0151/24 EASTERN CARIBBEAN SEA. VENEZUELA. DNC 14. FARO PU
10,42.200,N,062,08.400,W
// POLYGON
// Comment
// Lat,,,Lon,Add "END" to the end of vertex.
POLYGON
NAV IV 0012/24 Zone A: WESTERN NORTH ATLANTIC. UNDERWATER OPERAT
08,00.660,N,056,44.580,W
08,00.660,N,056,40.120,W
07,54.870,N,056,40.120,W
07,54.870,N,056,44.580,W
08,00.660,N,056,44.580,W
END
// POLYGON
// Comment
// Lat,,,Lon,Add "END" to the end of vertex.
POLYGON
NAV IV 0012/24 Zone B: WESTERN NORTH ATLANTIC. UNDERWATER OPERAT
08,15.960,N,057,02.230,W
08,15.960,N,056,54.250,W
07,58.600,N,056,54.250,W
07,58.600,N,057,02.230,W
08,15.960,N,057,02.230,W
END
// POLYGON
// Comment
// Lat,,,Lon,Add "END" to the end of vertex.
POLYGON
NAV IV 0012/24 Zone C: WESTERN NORTH ATLANTIC. UNDERWATER OPERAT
08,06.940,N,056,49.930,W
08,06.940,N,056,46.610,W
07,58.940,N,056,46.610,W
07,58.940,N,056,49.930,W
08,06.940,N,056,49.930,W
END
// CAUTION_SYMBOL,InstName
// Comment
// Lat,,,Lon
CAUTION_SYMBOL,~WARNSY0,***,***
NAV IV 1404/23 GULF OF MEXICO. CAYO ARENA LIGHTHOUSE 22-06.90N 9
22,06.900,N,091,23.900,W
// CAUTION_SYMBOL,InstName
// Comment
// Lat,,,Lon
CAUTION_SYMBOL,~WARNSY0,***,***
NAV IV 1403/23 WESTERN CARIBBEAN SEA. MEXICO. XCALAK LIGHTHOUSE 
18,16.450,N,087,50.100,W
// CAUTION_SYMBOL,InstName
// Comment
// Lat,,,Lon
CAUTION_SYMBOL,~WARNSY0,***,***
NAV IV 1377/23 CARIBBEAN SEA. DOMINICAN REPUBLIC. CABO ENGANO LI
18,36.800,N,068,19.500,W
// CAUTION_SYMBOL,InstName
// Comment
// Lat,,,Lon
CAUTION_SYMBOL,~WARNSY0,***,***
NAV IV 0873/23 PUERTO CORTES ENTRANCE BUOY 15-51.90N 087-57.90W 
15,51.900,N,087,57.900,W
// CAUTION_SYMBOL,InstName
// Comment
// Lat,,,Lon
CAUTION_SYMBOL,~WARNSY0,***,***
NAV IV 0356/23 WESTERN CARIBBEAN SEA. MEXICO. CHART 28190. TULUM
20,12.680,N,087,25.800,W
// POLYGON
// Comment
// Lat,,,Lon,Add "END" to the end of vertex.
POLYGON
NAV IV 0222/23 ANGUILLA. ANCHORING PROHIBITED UNTIL FURTHER NOTI
18,13.600,N,063,04.150,W
18,13.600,N,063,04.700,W
18,13.200,N,063,04.700,W
18,13.200,N,063,04.500,W
18,13.600,N,063,04.150,W
END
// CAUTION_SYMBOL,InstName
// Comment
// Lat,,,Lon
CAUTION_SYMBOL,~WARNSY0,***,***
NAV IV 0748/22 CARIBBEAN SEA. NETHERLANDS ANTILLES. KLEIN CURACA
11,59.400,N,068,38.600,W
// CAUTION_SYMBOL,InstName
// Comment
// Lat,,,Lon
CAUTION_SYMBOL,~WARNSY0,***,***
NAV IV 0441/22 CARIBBEAN SEA. JAMAICA. CHART 26220. PORTLAND RID
17,44.500,N,077,09.500,W
// CAUTION_SYMBOL,InstName
// Comment
// Lat,,,Lon
CAUTION_SYMBOL,~WARNSY0,***,***
NAV IV 0439/22 YUCATAN CHANNEL. MEXICO. CHART 28210. ISLA CONTOY
21,31.600,N,086,48.300,W
// CAUTION_SYMBOL,InstName
// Comment
// Lat,,,Lon
CAUTION_SYMBOL,~WARNSY0,***,***
NAV IV 0367/22 WESTERN CARIBBEAN SEA. MEXICO. CHART 28190. PUNTA
19,47.100,N,087,27.800,W
// CAUTION_SYMBOL,InstName
// Comment
// Lat,,,Lon
CAUTION_SYMBOL,~WARNSY0,***,***
NAV IV 0227/22 WESTERN NORTH ATLANTIC. DOMINICAN REPUBLIC. CHART
19,48.200,N,070,41.700,W
// CAUTION_SYMBOL,InstName
// Comment
// Lat,,,Lon
CAUTION_SYMBOL,~WARNSY0,***,***
NAV IV 0141/22 HUNTING CAY, ZAPODILLA CAYS LIGHT 16-06.50N 088-1
16,06.500,N,088,16.000,W
// CAUTION_SYMBOL,InstName
// Comment
// Lat,,,Lon
CAUTION_SYMBOL,~WARNSY0,***,***
NAV IV 0120/22 CARIBBEAN SEA. DOMINICAN REPUBLIC. CHART 25800. P
18,08.300,N,068,45.300,W
// CAUTION_SYMBOL,InstName
// Comment
// Lat,,,Lon
CAUTION_SYMBOL,~WARNSY0,***,***
NAV IV 1157/21 WESTERN NORTH ATLANTIC. HAITI. CHART 26141. ILE D
20,03.733,N,072,58.033,W
// CAUTION_SYMBOL,InstName
// Comment
// Lat,,,Lon
CAUTION_SYMBOL,~WARNSY0,***,***
NAV IV 1003/21 GULF OF HONDURAS. HONDURAS. CHART 28171. PUNTA SA
15,55.500,N,087,36.200,W
// CAUTION_SYMBOL,InstName
// Comment
// Lat,,,Lon
CAUTION_SYMBOL,~WARNSY0,***,***
NAV IV 0778/21 BAY OF CAMPECHE. MEXICO. CHART 28320. LA BARRA LI
20,58.400,N,097,18.500,W
// CAUTION_SYMBOL,InstName
// Comment
// Lat,,,Lon
CAUTION_SYMBOL,~WARNSY0,***,***
NAV IV 0278/21 BAY OF CAMPECHE. MEXICO. CHART 28310. ROCA PARTID
18,42.283,N,095,11.300,W
// CAUTION_SYMBOL,InstName
// Comment
// Lat,,,Lon
CAUTION_SYMBOL,~WARNSY0,***,***
NAV IV 0277/21 BAY OF CAMPECHE. MEXICO. CHART 28310. TONALA LIGH
18,12.750,N,094,08.000,W
// CAUTION_SYMBOL,InstName
// Comment
// Lat,,,Lon
CAUTION_SYMBOL,~WARNSY0,***,***
NAV IV 0144/21 WESTERN CARIBBEAN SEA. MEXICO. CHART 28004. PUERT
20,50.200,N,086,55.000,W
